100.00000000 -0.00000000
200.00000000 0.00000000
300.00000000 -0.00000000
400.00000000 0.00000000
500.00000000 0.00000000
600.00000000 -0.00000000
700.00000000 -0.00000000
800.00000000 -0.00000000
900.00000000 -0.00000000
1000.00000000 0.00000000
1100.00000000 0.00000000
1200.00000000 0.00000000
1300.00000000 -0.00000000
1400.00000000 0.00000000
1500.00000000 0.00000000
1600.00000000 0.00000000
1700.00000000 0.00000000
1800.00000000 -0.00000000
1900.00000000 -0.00000000
2000.00000000 -0.00000000
2100.00000000 -0.00000000
2200.00000000 -0.00000000
2300.00000000 -0.00000000
2400.00000000 -0.00000000
2500.00000000 0.00000000
2600.00000000 -0.00000000
2700.00000000 -0.00000000
2800.00000000 -0.00000000
2900.00000000 -0.00000000
3000.00000000 -0.00000000
3100.00000000 0.00000000
3200.00000000 0.00000000
3300.00000000 0.00000000
3400.00000000 0.00000000
3500.00000000 -0.00000000
3600.00000000 0.00000000
3700.00000000 -0.00000000
3800.00000000 -0.00000000
3900.00000000 -0.00000000
4000.00000000 -0.00000000
4100.00000000 -0.00000000
4200.00000000 -0.00000000
4300.00000000 -0.00000000
4400.00000000 0.00000000
4500.00000000 -0.00000000
4600.00000000 0.00000000
4700.00000000 0.00000000
4800.00000000 0.00000000
4900.00000000 0.00000000
5000.00000000 0.00000000
5100.00000000 0.00000000
5200.00000000 0.00000000
5300.00000000 0.00000000
5400.00000000 0.00000000
5500.00000000 0.00000000
5600.00000000 0.00000000
5700.00000000 0.00000000
5800.00000000 0.00000000
5900.00000000 0.00000000
6000.00000000 0.00000000
6100.00000000 0.00000000
6200.00000000 0.00000000
6300.00000000 0.00000000
6400.00000000 0.00000000
6500.00000000 0.00000000
6600.00000000 0.00000000
6700.00000000 0.00000000
6800.00000000 0.00000000
6900.00000000 0.00000000
7000.00000000 0.00000000
7100.00000000 0.00000000
7200.00000000 0.00000000
7300.00000000 0.00000000
7400.00000000 0.00000000
7500.00000000 0.00000000
7600.00000000 0.00000000
7700.00000000 0.00000000
7800.00000000 0.00000000
7900.00000000 0.00000000
8000.00000000 0.00000000
8100.00000000 0.00000000
8200.00000000 0.00000000
8300.00000000 0.00000000
8400.00000000 0.00000000
8500.00000000 0.00000000
8600.00000000 0.00000000
8700.00000000 0.00000000
8800.00000000 0.00000000
8900.00000000 0.00000000
9000.00000000 0.00000000
9100.00000000 0.00000000
9200.00000000 0.00000000
9300.00000000 0.00000000
9400.00000000 0.00000000
9500.00000000 0.00000000
9600.00000000 0.00000000
9700.00000000 0.00000000
9800.00000000 0.00000000
9900.00000000 0.00000000
10000.00000000 0.00000000
10100.00000000 0.00000000
10200.00000000 0.00000000
10300.00000000 0.00000000
10400.00000000 0.00000000
10500.00000000 0.00000000
10600.00000000 0.00000000
10700.00000000 0.00000000
10800.00000000 0.00000000
10900.00000000 0.00000000
11000.00000000 0.00000000
11100.00000000 0.00000000
11200.00000000 0.00000000
11300.00000000 0.00000000
11400.00000000 0.00000000
11500.00000000 0.00000000
11600.00000000 0.00000000
11700.00000000 0.00000000
11800.00000000 0.00000000
11900.00000000 0.00000000
12000.00000000 0.00000000
12100.00000000 0.00000000
12200.00000000 0.00000000
12300.00000000 0.00000000
12400.00000000 0.00000000
12500.00000000 0.00000000
12600.00000000 0.00000000
12700.00000000 0.00000000
12800.00000000 0.00000000
12900.00000000 0.00000000
13000.00000000 0.00000000
13100.00000000 0.00000000
13200.00000000 0.00000000
13300.00000000 0.00000000
13400.00000000 0.00000000
13500.00000000 0.00000000
13600.00000000 0.00000000
13700.00000000 0.00000000
13800.00000000 0.00000000
13900.00000000 0.00000000
14000.00000000 0.00000000
14100.00000000 0.00000000
14200.00000000 0.00000000
14300.00000000 0.00000000
14400.00000000 0.00000000
14500.00000000 0.00000000
14600.00000000 -0.00000000
14700.00000000 -0.00000000
14800.00000000 0.00000000
14900.00000000 -0.00000000
15000.00000000 0.00000000
15100.00000000 -0.00000000
15200.00000000 -0.00000000
15300.00000000 -0.00000000
15400.00000000 -0.00000000
15500.00000000 -0.00000000
15600.00000000 -0.00000000
15700.00000000 -0.00000000
15800.00000000 -0.00000000
15900.00000000 -0.00000000
16000.00000000 -0.00000000
16100.00000000 -0.00000000
16200.00000000 -0.00000000
16300.00000000 -0.00000000
16400.00000000 -0.00000000
16500.00000000 -0.00000000
16600.00000000 -0.00000000
16700.00000000 -0.00000000
16800.00000000 -0.00000000
16900.00000000 -0.00000000
17000.00000000 -0.00000000
17100.00000000 -0.00000000
17200.00000000 -0.00000000
17300.00000000 -0.00000000
17400.00000000 -0.00000000
17500.00000000 -0.00000000
17600.00000000 -0.00000000
17700.00000000 -0.00000000
17800.00000000 -0.00000000
17900.00000000 -0.00000000
18000.00000000 -0.00000000
18100.00000000 -0.00000000
18200.00000000 -0.00000000
18300.00000000 -0.00000000
18400.00000000 -0.00000000
18500.00000000 -0.00000000
18600.00000000 -0.00000000
18700.00000000 -0.00000000
18800.00000000 -0.00000000
18900.00000000 -0.00000000
19000.00000000 -0.00000000
19100.00000000 -0.00000000
19200.00000000 -0.00000000
19300.00000000 -0.00000000
19400.00000000 -0.00000000
19500.00000000 -0.00000000
19600.00000000 -0.00000000
19700.00000000 -0.00000000
19800.00000000 -0.00000000
19900.00000000 -0.00000000
20000.00000000 -0.00000000
20100.00000000 -0.00000000
20200.00000000 -0.00000000
20300.00000000 -0.00000000
20400.00000000 -0.00000000
20500.00000000 -0.00000000
20600.00000000 -0.00000000
20700.00000000 -0.00000000
20800.00000000 -0.00000000
20900.00000000 -0.00000000
21000.00000000 -0.00000000
21100.00000000 -0.00000000
21200.00000000 -0.00000000
21300.00000000 -0.00000000
21400.00000000 -0.00000000
21500.00000000 -0.00000000
21600.00000000 -0.00000000
21700.00000000 -0.00000000
21800.00000000 -0.00000000
21900.00000000 -0.00000000
22000.00000000 -0.00000000
22100.00000000 -0.00000000
22200.00000000 -0.00000000
22300.00000000 -0.00000000
22400.00000000 -0.00000000
22500.00000000 -0.00000000
22600.00000000 -0.00000000
22700.00000000 -0.00000000
22800.00000000 -0.00000000
22900.00000000 -0.00000000
23000.00000000 -0.00000000
23100.00000000 -0.00000000
23200.00000000 -0.00000000
23300.00000000 -0.00000000
23400.00000000 -0.00000000
23500.00000000 -0.00000000
23600.00000000 -0.00000000
23700.00000000 -0.00000000
23800.00000000 -0.00000000
23900.00000000 -0.00000000
24000.00000000 -0.00000000
24100.00000000 -0.00000000
24200.00000000 -0.00000000
24300.00000000 -0.00000000
24400.00000000 -0.00000000
24500.00000000 -0.00000000
24600.00000000 -0.00000000
24700.00000000 -0.00000000
24800.00000000 -0.00000000
24900.00000000 -0.00000000
25000.00000000 -0.00000000
25100.00000000 -0.00000000
25200.00000000 -0.00000000
25300.00000000 -0.00000000
25400.00000000 -0.00000000
25500.00000000 -0.00000000
25600.00000000 -0.00000000
25700.00000000 -0.00000000
25800.00000000 -0.00000000
25900.00000000 -0.00000000
26000.00000000 -0.00000000
26100.00000000 -0.00000000
26200.00000000 -0.00000000
26300.00000000 -0.00000000
26400.00000000 -0.00000000
26500.00000000 -0.00000000
26600.00000000 -0.00000000
26700.00000000 -0.00000000
26800.00000000 -0.00000000
26900.00000000 -0.00000000
27000.00000000 -0.00000000
27100.00000000 -0.00000000
27200.00000000 -0.00000000
27300.00000000 -0.00000000
27400.00000000 -0.00000000
27500.00000000 -0.00000000
27600.00000000 -0.00000000
27700.00000000 -0.00000000
27800.00000000 -0.00000000
27900.00000000 -0.00000000
28000.00000000 -0.00000000
28100.00000000 -0.00000000
28200.00000000 -0.00000000
28300.00000000 -0.00000000
28400.00000000 -0.00000000
28500.00000000 -0.00000000
28600.00000000 -0.00000000
28700.00000000 -0.00000000
28800.00000000 -0.00000000
28900.00000000 -0.00000000
29000.00000000 -0.00000000
29100.00000000 -0.00000000
29200.00000000 -0.00000000
29300.00000000 -0.00000000
29400.00000000 -0.00000000
29500.00000000 -0.00000000
29600.00000000 -0.00000000
29700.00000000 -0.00000000
29800.00000000 -0.00000000
29900.00000000 -0.00000000
30000.00000000 -0.00000000
30100.00000000 -0.00000000
30200.00000000 -0.00000000
30300.00000000 -0.00000000
30400.00000000 -0.00000000
30500.00000000 -0.00000000
30600.00000000 -0.00000000
30700.00000000 -0.00000000
30800.00000000 -0.00000000
30900.00000000 -0.00000000
31000.00000000 -0.00000000
31100.00000000 -0.00000000
31200.00000000 -0.00000000
31300.00000000 -0.00000000
31400.00000000 -0.00000000
31500.00000000 -0.00000000
31600.00000000 -0.00000000
31700.00000000 -0.00000000
31800.00000000 -0.00000000
31900.00000000 -0.00000000
32000.00000000 -0.00000000
32100.00000000 -0.00000000
32200.00000000 -0.00000000
32300.00000000 -0.00000000
32400.00000000 -0.00000000
32500.00000000 -0.00000000
32600.00000000 -0.00000000
32700.00000000 -0.00000000
32800.00000000 -0.00000000
32900.00000000 -0.00000000
33000.00000000 -0.00000000
33100.00000000 -0.00000000
33200.00000000 -0.00000000
33300.00000000 -0.00000000
33400.00000000 -0.00000000
33500.00000000 -0.00000000
33600.00000000 -0.00000000
33700.00000000 -0.00000000
33800.00000000 -0.00000000
33900.00000000 -0.00000000
34000.00000000 -0.00000000
34100.00000000 -0.00000000
34200.00000000 -0.00000000
34300.00000000 -0.00000000
34400.00000000 -0.00000000
34500.00000000 -0.00000000
34600.00000000 -0.00000000
34700.00000000 -0.00000000
34800.00000000 -0.00000000
34900.00000000 -0.00000000
35000.00000000 -0.00000000
35100.00000000 -0.00000000
35200.00000000 -0.00000000
35300.00000000 -0.00000000
35400.00000000 -0.00000000
35500.00000000 -0.00000000
35600.00000000 -0.00000000
35700.00000000 -0.00000000
35800.00000000 -0.00000000
35900.00000000 -0.00000000
36000.00000000 -0.00000000
36100.00000000 -0.00000000
36200.00000000 -0.00000000
36300.00000000 -0.00000000
36400.00000000 -0.00000000
36500.00000000 -0.00000000
36600.00000000 -0.00000000
36700.00000000 -0.00000000
36800.00000000 -0.00000000
36900.00000000 -0.00000000
37000.00000000 -0.00000000
37100.00000000 -0.00000000
37200.00000000 -0.00000000
37300.00000000 -0.00000000
37400.00000000 -0.00000000
37500.00000000 -0.00000000
37600.00000000 -0.00000000
37700.00000000 -0.00000000
37800.00000000 -0.00000000
37900.00000000 -0.00000000
38000.00000000 -0.00000000
38100.00000000 -0.00000000
38200.00000000 -0.00000000
38300.00000000 -0.00000000
38400.00000000 -0.00000000
38500.00000000 -0.00000000
38600.00000000 -0.00000000
38700.00000000 -0.00000000
38800.00000000 -0.00000000
38900.00000000 -0.00000000
39000.00000000 -0.00000000
39100.00000000 -0.00000000
39200.00000000 -0.00000000
39300.00000000 -0.00000000
39400.00000000 -0.00000000
39500.00000000 -0.00000000
39600.00000000 -0.00000000
39700.00000000 -0.00000000
39800.00000000 -0.00000000
39900.00000000 -0.00000000
40000.00000000 -0.00000000
40100.00000000 -0.00000000
40200.00000000 -0.00000000
40300.00000000 0.00000000
40400.00000000 0.00000000
40500.00000000 0.00000000
40600.00000000 -0.00000000
40700.00000000 0.00000000
40800.00000000 0.00000000
40900.00000000 0.00000000
41000.00000000 0.00000000
41100.00000000 0.00000000
41200.00000000 0.00000000
41300.00000000 0.00000000
41400.00000000 0.00000000
41500.00000000 0.00000000
41600.00000000 0.00000000
41700.00000000 0.00000000
41800.00000000 0.00000000
41900.00000000 0.00000000
42000.00000000 0.00000000
42100.00000000 0.00000000
42200.00000000 0.00000000
42300.00000000 0.00000000
42400.00000000 0.00000000
42500.00000000 0.00000000
42600.00000000 0.00000000
42700.00000000 0.00000000
42800.00000000 0.00000000
42900.00000000 -0.00000000
43000.00000000 -0.00000000
43100.00000000 -0.00000000
43200.00000000 0.00000000
43300.00000000 0.00000000
43400.00000000 0.00000000
43500.00000000 0.00000000
43600.00000000 0.00000000
43700.00000000 0.00000000
43800.00000000 0.00000000
43900.00000000 -0.00000000
44000.00000000 -0.00000000
44100.00000000 -0.00000000
44200.00000000 0.00000000
44300.00000000 0.00000000
44400.00000000 -0.00000000
44500.00000000 -0.00000000
44600.00000000 0.00000000
44700.00000000 0.00000000
44800.00000000 0.00000000
44900.00000000 0.00000000
45000.00000000 -0.00000000
45100.00000000 -0.00000000
45200.00000000 -0.00000000
45300.00000000 -0.00000000
45400.00000000 -0.00000000
45500.00000000 -0.00000000
45600.00000000 -0.00000000
45700.00000000 -0.00000000
45800.00000000 -0.00000000
45900.00000000 -0.00000000
46000.00000000 -0.00000000
46100.00000000 -0.00000000
46200.00000000 -0.00000000
46300.00000000 -0.00000000
46400.00000000 -0.00000000
46500.00000000 -0.00000000
46600.00000000 -0.00000000
46700.00000000 -0.00000000
46800.00000000 -0.00000000
46900.00000000 -0.00000000
47000.00000000 -0.00000000
47100.00000000 -0.00000000
47200.00000000 -0.00000000
47300.00000000 -0.00000000
47400.00000000 -0.00000000
47500.00000000 -0.00000000
47600.00000000 -0.00000000
47700.00000000 -0.00000000
47800.00000000 -0.00000000
47900.00000000 -0.00000000
48000.00000000 -0.00000000
48100.00000000 -0.00000000
48200.00000000 -0.00000000
48300.00000000 -0.00000000
48400.00000000 -0.00000000
48500.00000000 -0.00000000
48600.00000000 -0.00000000
48700.00000000 -0.00000000
48800.00000000 -0.00000000
48900.00000000 -0.00000000
49000.00000000 -0.00000000
49100.00000000 -0.00000000
49200.00000000 -0.00000000
49300.00000000 -0.00000000
49400.00000000 -0.00000000
49500.00000000 -0.00000000
49600.00000000 -0.00000000
49700.00000000 -0.00000000
49800.00000000 -0.00000000
49900.00000000 -0.00000000
50000.00000000 -0.00000000
50100.00000000 0.00000000
50200.00000000 -0.00000000
50300.00000000 -0.00000000
50400.00000000 -0.00000000
50500.00000000 -0.00000000
50600.00000000 -0.00000000
50700.00000000 -0.00000000
50800.00000000 -0.00000000
50900.00000000 -0.00000000
51000.00000000 -0.00000000
51100.00000000 -0.00000000
51200.00000000 -0.00000000
51300.00000000 -0.00000000
51400.00000000 -0.00000000
51500.00000000 -0.00000000
51600.00000000 -0.00000000
51700.00000000 -0.00000000
51800.00000000 -0.00000000
51900.00000000 -0.00000000
52000.00000000 -0.00000000
52100.00000000 -0.00000000
52200.00000000 -0.00000000
52300.00000000 -0.00000000
52400.00000000 -0.00000000
52500.00000000 -0.00000000
52600.00000000 -0.00000000
52700.00000000 -0.00000000
52800.00000000 -0.00000000
52900.00000000 0.00000000
53000.00000000 -0.00000000
53100.00000000 0.00000000
53200.00000000 -0.00000000
53300.00000000 -0.00000000
53400.00000000 -0.00000000
53500.00000000 -0.00000000
53600.00000000 -0.00000000
53700.00000000 -0.00000000
53800.00000000 -0.00000000
53900.00000000 -0.00000000
54000.00000000 -0.00000000
54100.00000000 -0.00000000
54200.00000000 -0.00000000
54300.00000000 -0.00000000
54400.00000000 -0.00000000
54500.00000000 -0.00000000
54600.00000000 -0.00000000
54700.00000000 -0.00000000
54800.00000000 -0.00000000
54900.00000000 -0.00000000
55000.00000000 -0.00000000
55100.00000000 -0.00000000
55200.00000000 -0.00000000
55300.00000000 -0.00000000
55400.00000000 -0.00000000
55500.00000000 -0.00000000
55600.00000000 0.00000000
55700.00000000 0.00000000
55800.00000000 0.00000000
55900.00000000 0.00000000
56000.00000000 0.00000000
56100.00000000 -0.00000000
56200.00000000 -0.00000000
56300.00000000 -0.00000000
56400.00000000 -0.00000000
56500.00000000 -0.00000000
56600.00000000 -0.00000000
56700.00000000 -0.00000000
56800.00000000 -0.00000000
56900.00000000 -0.00000000
57000.00000000 -0.00000000
57100.00000000 -0.00000000
57200.00000000 -0.00000000
57300.00000000 -0.00000000
57400.00000000 -0.00000000
57500.00000000 -0.00000000
57600.00000000 -0.00000000
57700.00000000 -0.00000000
57800.00000000 -0.00000000
57900.00000000 -0.00000000
58000.00000000 -0.00000000
58100.00000000 -0.00000000
58200.00000000 -0.00000000
58300.00000000 -0.00000000
58400.00000000 -0.00000000
58500.00000000 -0.00000000
58600.00000000 -0.00000000
58700.00000000 -0.00000000
58800.00000000 -0.00000000
58900.00000000 -0.00000000
59000.00000000 -0.00000000
59100.00000000 -0.00000000
59200.00000000 -0.00000000
59300.00000000 -0.00000000
59400.00000000 -0.00000000
59500.00000000 -0.00000000
59600.00000000 -0.00000000
59700.00000000 -0.00000000
59800.00000000 -0.00000000
59900.00000000 -0.00000000
60000.00000000 -0.00000000
60100.00000000 -0.00000000
60200.00000000 -0.00000000
60300.00000000 -0.00000000
60400.00000000 -0.00000000
60500.00000000 -0.00000000
60600.00000000 -0.00000000
60700.00000000 -0.00000000
60800.00000000 -0.00000000
60900.00000000 -0.00000000
61000.00000000 -0.00000000
61100.00000000 -0.00000000
61200.00000000 -0.00000000
61300.00000000 -0.00000000
61400.00000000 -0.00000000
61500.00000000 -0.00000000
61600.00000000 -0.00000000
61700.00000000 -0.00000000
61800.00000000 -0.00000000
61900.00000000 -0.00000000
62000.00000000 -0.00000000
62100.00000000 -0.00000000
62200.00000000 -0.00000000
62300.00000000 -0.00000000
62400.00000000 -0.00000000
62500.00000000 -0.00000000
62600.00000000 -0.00000000
62700.00000000 -0.00000000
62800.00000000 -0.00000000
62900.00000000 -0.00000000
63000.00000000 -0.00000000
63100.00000000 -0.00000000
63200.00000000 -0.00000000
63300.00000000 -0.00000000
63400.00000000 -0.00000000
63500.00000000 -0.00000000
63600.00000000 -0.00000000
63700.00000000 -0.00000000
63800.00000000 -0.00000000
63900.00000000 -0.00000000
64000.00000000 -0.00000000
64100.00000000 -0.00000000
64200.00000000 -0.00000000
64300.00000000 -0.00000000
64400.00000000 -0.00000000
64500.00000000 -0.00000000
64600.00000000 -0.00000000
64700.00000000 -0.00000000
64800.00000000 -0.00000000
64900.00000000 -0.00000000
65000.00000000 -0.00000000
65100.00000000 -0.00000000
65200.00000000 -0.00000000
65300.00000000 -0.00000000
65400.00000000 -0.00000000
65500.00000000 -0.00000000
65600.00000000 -0.00000000
65700.00000000 -0.00000000
65800.00000000 -0.00000000
65900.00000000 -0.00000000
66000.00000000 -0.00000000
66100.00000000 -0.00000000
66200.00000000 -0.00000000
66300.00000000 -0.00000000
66400.00000000 -0.00000000
66500.00000000 -0.00000000
66600.00000000 -0.00000000
66700.00000000 -0.00000000
66800.00000000 -0.00000000
66900.00000000 -0.00000000
67000.00000000 -0.00000000
67100.00000000 -0.00000000
67200.00000000 -0.00000000
67300.00000000 -0.00000000
67400.00000000 -0.00000000
67500.00000000 -0.00000000
67600.00000000 -0.00000000
67700.00000000 -0.00000000
67800.00000000 -0.00000000
67900.00000000 -0.00000000
68000.00000000 -0.00000000
68100.00000000 -0.00000000
68200.00000000 -0.00000000
68300.00000000 -0.00000000
68400.00000000 -0.00000000
68500.00000000 -0.00000000
68600.00000000 -0.00000000
68700.00000000 -0.00000000
68800.00000000 -0.00000000
68900.00000000 -0.00000000
69000.00000000 -0.00000000
69100.00000000 -0.00000000
69200.00000000 -0.00000000
69300.00000000 -0.00000000
69400.00000000 -0.00000000
69500.00000000 -0.00000000
69600.00000000 -0.00000000
69700.00000000 -0.00000000
69800.00000000 -0.00000000
69900.00000000 -0.00000000
70000.00000000 -0.00000000
70100.00000000 -0.00000000
70200.00000000 -0.00000000
70300.00000000 -0.00000000
70400.00000000 -0.00000000
70500.00000000 -0.00000000
70600.00000000 -0.00000000
70700.00000000 -0.00000000
70800.00000000 -0.00000000
70900.00000000 -0.00000000
71000.00000000 -0.00000000
71100.00000000 -0.00000000
71200.00000000 -0.00000000
71300.00000000 -0.00000000
71400.00000000 -0.00000000
71500.00000000 -0.00000000
71600.00000000 -0.00000000
71700.00000000 -0.00000000
71800.00000000 -0.00000000
71900.00000000 -0.00000000
72000.00000000 -0.00000000
72100.00000000 -0.00000000
72200.00000000 -0.00000000
72300.00000000 -0.00000000
72400.00000000 -0.00000000
72500.00000000 -0.00000000
72600.00000000 -0.00000000
72700.00000000 -0.00000000
72800.00000000 -0.00000000
72900.00000000 -0.00000000
73000.00000000 -0.00000000
73100.00000000 -0.00000000
73200.00000000 -0.00000000
73300.00000000 -0.00000000
73400.00000000 -0.00000000
73500.00000000 -0.00000000
73600.00000000 -0.00000000
73700.00000000 0.00000000
73800.00000000 0.00000000
73900.00000000 0.00000000
74000.00000000 0.00000000
74100.00000000 0.00000000
74200.00000000 0.00000000
74300.00000000 -0.00000000
74400.00000000 -0.00000000
74500.00000000 -0.00000000
74600.00000000 0.00000000
74700.00000000 0.00000000
74800.00000000 0.00000000
74900.00000000 0.00000000
75000.00000000 0.00000000
75100.00000000 0.00000000
75200.00000000 0.00000000
75300.00000000 0.00000000
75400.00000000 0.00000000
75500.00000000 0.00000000
75600.00000000 0.00000000
75700.00000000 0.00000000
75800.00000000 0.00000000
75900.00000000 0.00000000
76000.00000000 0.00000000
76100.00000000 0.00000000
76200.00000000 0.00000000
76300.00000000 0.00000000
76400.00000000 0.00000000
76500.00000000 0.00000000
76600.00000000 0.00000000
76700.00000000 0.00000000
76800.00000000 0.00000000
76900.00000000 0.00000000
77000.00000000 0.00000000
77100.00000000 0.00000000
77200.00000000 0.00000000
77300.00000000 0.00000000
77400.00000000 0.00000000
77500.00000000 0.00000000
77600.00000000 0.00000000
77700.00000000 0.00000000
77800.00000000 0.00000000
77900.00000000 0.00000000
78000.00000000 0.00000000
78100.00000000 0.00000000
78200.00000000 0.00000000
78300.00000000 0.00000000
78400.00000000 0.00000000
78500.00000000 0.00000000
78600.00000000 0.00000000
78700.00000000 0.00000000
78800.00000000 0.00000000
78900.00000000 0.00000000
79000.00000000 0.00000000
79100.00000000 0.00000000
79200.00000000 0.00000000
79300.00000000 0.00000000
79400.00000000 0.00000000
79500.00000000 0.00000000
79600.00000000 0.00000000
79700.00000000 0.00000000
79800.00000000 0.00000000
79900.00000000 0.00000000
80000.00000000 0.00000000
80100.00000000 0.00000000
80200.00000000 0.00000000
80300.00000000 0.00000000
80400.00000000 0.00000000
80500.00000000 0.00000000
80600.00000000 0.00000000
80700.00000000 0.00000000
80800.00000000 0.00000000
80900.00000000 0.00000000
81000.00000000 0.00000000
81100.00000000 0.00000000
81200.00000000 0.00000000
81300.00000000 0.00000000
81400.00000000 0.00000000
81500.00000000 0.00000000
81600.00000000 0.00000000
81700.00000000 0.00000000
81800.00000000 0.00000000
81900.00000000 0.00000000
82000.00000000 0.00000000
82100.00000000 0.00000000
82200.00000000 0.00000000
82300.00000000 0.00000000
82400.00000000 0.00000000
82500.00000000 0.00000000
82600.00000000 0.00000000
82700.00000000 0.00000000
82800.00000000 0.00000000
82900.00000000 0.00000000
83000.00000000 0.00000000
83100.00000000 0.00000000
83200.00000000 0.00000000
83300.00000000 0.00000000
83400.00000000 0.00000000
83500.00000000 0.00000000
83600.00000000 0.00000000
83700.00000000 0.00000000
83800.00000000 0.00000000
83900.00000000 0.00000000
84000.00000000 0.00000000
84100.00000000 0.00000000
84200.00000000 0.00000000
84300.00000000 0.00000000
84400.00000000 0.00000000
84500.00000000 0.00000000
84600.00000000 0.00000000
84700.00000000 0.00000000
84800.00000000 0.00000000
84900.00000000 0.00000000
85000.00000000 0.00000000
85100.00000000 0.00000000
85200.00000000 0.00000000
85300.00000000 0.00000000
85400.00000000 0.00000000
85500.00000000 0.00000000
85600.00000000 0.00000000
85700.00000000 0.00000000
85800.00000000 0.00000000
85900.00000000 0.00000000
86000.00000000 0.00000000
86100.00000000 0.00000000
86200.00000000 0.00000000
86300.00000000 0.00000000
86400.00000000 0.00000000
86500.00000000 0.00000000
86600.00000000 0.00000000
86700.00000000 0.00000000
86800.00000000 0.00000000
86900.00000000 0.00000000
87000.00000000 0.00000000
87100.00000000 0.00000000
87200.00000000 0.00000000
87300.00000000 0.00000000
87400.00000000 0.00000000
87500.00000000 0.00000000
87600.00000000 0.00000000
87700.00000000 0.00000000
87800.00000000 0.00000000
87900.00000000 0.00000000
88000.00000000 0.00000000
88100.00000000 0.00000000
88200.00000000 0.00000000
88300.00000000 0.00000000
88400.00000000 0.00000000
88500.00000000 0.00000000
88600.00000000 0.00000000
88700.00000000 0.00000000
88800.00000000 0.00000000
88900.00000000 0.00000000
89000.00000000 0.00000000
89100.00000000 0.00000000
89200.00000000 0.00000000
89300.00000000 0.00000000
89400.00000000 0.00000000
89500.00000000 0.00000000
89600.00000000 0.00000000
89700.00000000 0.00000000
89800.00000000 0.00000000
89900.00000000 -0.00000000
90000.00000000 -0.00000000
90100.00000000 -0.00000000
90200.00000000 -0.00000000
90300.00000000 -0.00000000
90400.00000000 -0.00000000
90500.00000000 -0.00000000
90600.00000000 -0.00000000
90700.00000000 -0.00000000
90800.00000000 -0.00000000
90900.00000000 -0.00000000
91000.00000000 -0.00000000
91100.00000000 -0.00000000
91200.00000000 -0.00000000
91300.00000000 -0.00000000
91400.00000000 -0.00000000
91500.00000000 -0.00000000
91600.00000000 0.00000000
91700.00000000 0.00000000
91800.00000000 0.00000000
91900.00000000 0.00000000
92000.00000000 0.00000000
92100.00000000 0.00000000
92200.00000000 0.00000000
92300.00000000 0.00000000
92400.00000000 0.00000000
92500.00000000 0.00000000
92600.00000000 0.00000000
92700.00000000 -0.00000000
92800.00000000 -0.00000000
92900.00000000 -0.00000000
93000.00000000 -0.00000000
93100.00000000 -0.00000000
93200.00000000 -0.00000000
93300.00000000 -0.00000000
93400.00000000 0.00000000
93500.00000000 -0.00000000
93600.00000000 -0.00000000
93700.00000000 -0.00000000
93800.00000000 -0.00000000
93900.00000000 -0.00000000
94000.00000000 -0.00000000
94100.00000000 -0.00000000
94200.00000000 -0.00000000
94300.00000000 -0.00000000
94400.00000000 -0.00000000
94500.00000000 -0.00000000
94600.00000000 -0.00000000
94700.00000000 -0.00000000
94800.00000000 -0.00000000
94900.00000000 -0.00000000
95000.00000000 -0.00000000
95100.00000000 -0.00000000
95200.00000000 -0.00000000
95300.00000000 -0.00000000
95400.00000000 -0.00000000
95500.00000000 -0.00000000
95600.00000000 -0.00000000
95700.00000000 -0.00000000
95800.00000000 -0.00000000
95900.00000000 -0.00000000
96000.00000000 -0.00000000
96100.00000000 -0.00000000
96200.00000000 -0.00000000
96300.00000000 -0.00000000
96400.00000000 -0.00000000
96500.00000000 -0.00000000
96600.00000000 -0.00000000
96700.00000000 -0.00000000
96800.00000000 -0.00000000
96900.00000000 -0.00000000
97000.00000000 -0.00000000
97100.00000000 -0.00000000
97200.00000000 -0.00000000
97300.00000000 -0.00000000
97400.00000000 -0.00000000
97500.00000000 -0.00000000
97600.00000000 -0.00000000
97700.00000000 -0.00000000
97800.00000000 -0.00000000
97900.00000000 -0.00000000
98000.00000000 -0.00000000
98100.00000000 -0.00000000
98200.00000000 -0.00000000
98300.00000000 -0.00000000
98400.00000000 -0.00000000
98500.00000000 -0.00000000
98600.00000000 -0.00000000
98700.00000000 -0.00000000
98800.00000000 -0.00000000
98900.00000000 -0.00000000
99000.00000000 -0.00000000
99100.00000000 -0.00000000
99200.00000000 -0.00000000
99300.00000000 -0.00000000
99400.00000000 -0.00000000
99500.00000000 -0.00000000
99600.00000000 -0.00000000
99700.00000000 -0.00000000
99800.00000000 -0.00000000
99900.00000000 -0.00000000
100000.00000000 -0.00000000
