100.00000000 11.76599387
200.00000000 9.12847857
300.00000000 10.63791490
400.00000000 22.51867255
500.00000000 27.98370087
600.00000000 29.48521224
700.00000000 32.48712029
800.00000000 34.23855633
900.00000000 34.85004472
1000.00000000 33.41306499
1100.00000000 30.74036129
1200.00000000 28.39098583
1300.00000000 26.70663496
1400.00000000 25.56421629
1500.00000000 24.32618523
1600.00000000 23.15317583
1700.00000000 22.57854029
1800.00000000 22.06369603
1900.00000000 21.07876617
2000.00000000 20.90249420
2100.00000000 20.61814040
2200.00000000 20.31177698
2300.00000000 20.01026700
2400.00000000 21.44850160
2500.00000000 23.16498066
2600.00000000 24.07196297
2700.00000000 23.35448807
2800.00000000 23.14607422
2900.00000000 23.66999085
3000.00000000 24.89404812
3100.00000000 25.94266344
3200.00000000 27.41305866
3300.00000000 27.29306185
3400.00000000 26.96784492
3500.00000000 27.57187134
3600.00000000 27.39275621
3700.00000000 26.91183961
3800.00000000 26.58973679
3900.00000000 26.27833963
4000.00000000 25.90735069
4100.00000000 25.51364500
4200.00000000 25.21712539
4300.00000000 24.83377882
4400.00000000 24.42878979
4500.00000000 24.03336179
4600.00000000 23.82564651
4700.00000000 23.62112825
4800.00000000 23.75232080
4900.00000000 24.77144425
5000.00000000 25.41785760
5100.00000000 25.30636880
5200.00000000 25.86109045
5300.00000000 26.64086650
5400.00000000 27.87555238
5500.00000000 29.35426559
5600.00000000 30.47061581
5700.00000000 31.29209382
5800.00000000 31.28071346
5900.00000000 31.22798457
6000.00000000 30.97367034
6100.00000000 31.03363984
6200.00000000 31.34224640
6300.00000000 31.73033821
6400.00000000 31.35704356
6500.00000000 31.09234203
6600.00000000 30.87628122
6700.00000000 30.69071586
6800.00000000 30.74564532
6900.00000000 30.47477898
7000.00000000 30.30574641
7100.00000000 30.09831738
7200.00000000 29.70480506
7300.00000000 29.58630623
7400.00000000 29.41939774
7500.00000000 29.06933837
7600.00000000 28.74714132
7700.00000000 28.50587784
7800.00000000 28.27993060
7900.00000000 28.01438609
8000.00000000 27.89675904
8100.00000000 27.67174377
8200.00000000 28.11023761
8300.00000000 28.15275155
8400.00000000 28.34544651
8500.00000000 28.39919104
8600.00000000 28.60611755
8700.00000000 28.52137662
8800.00000000 28.24292545
8900.00000000 28.28032358
9000.00000000 28.24070005
9100.00000000 28.14943186
9200.00000000 27.92243007
9300.00000000 27.90595408
9400.00000000 27.92328583
9500.00000000 27.88080447
9600.00000000 28.30111155
9700.00000000 28.65071064
9800.00000000 28.95389631
9900.00000000 29.74261048
10000.00000000 30.85950565
10100.00000000 31.76308008
10200.00000000 32.23038183
10300.00000000 32.39969219
10400.00000000 32.36336529
10500.00000000 32.24626217
10600.00000000 32.02067540
10700.00000000 31.85369747
10800.00000000 31.69985316
10900.00000000 31.49488550
11000.00000000 31.17679885
11100.00000000 31.17427282
11200.00000000 31.00606442
11300.00000000 30.82845573
11400.00000000 30.86244957
11500.00000000 30.62875835
11600.00000000 30.42158943
11700.00000000 30.45246637
11800.00000000 30.35963023
11900.00000000 30.44222417
12000.00000000 30.44892646
12100.00000000 30.31856730
12200.00000000 30.15816510
12300.00000000 29.98181213
12400.00000000 29.83483180
12500.00000000 29.68586916
12600.00000000 29.59822236
12700.00000000 29.47181237
12800.00000000 29.67967639
12900.00000000 30.19772800
13000.00000000 30.48282961
13100.00000000 30.77036553
13200.00000000 31.08681725
13300.00000000 31.50784176
13400.00000000 31.43816330
13500.00000000 31.24811111
13600.00000000 31.14087227
13700.00000000 30.98103934
13800.00000000 31.05838922
13900.00000000 31.55040730
14000.00000000 31.93677607
14100.00000000 32.39309492
14200.00000000 32.65900204
14300.00000000 32.60302862
14400.00000000 32.38804752
14500.00000000 32.40634424
14600.00000000 32.22090009
14700.00000000 32.13277871
14800.00000000 32.02685252
14900.00000000 31.87501961
15000.00000000 31.82105698
15100.00000000 31.70155929
15200.00000000 31.58369269
15300.00000000 31.47354539
15400.00000000 31.35624939
15500.00000000 31.26461331
15600.00000000 31.11542826
15700.00000000 30.98821379
15800.00000000 30.87976879
15900.00000000 30.78643882
16000.00000000 31.01591289
16100.00000000 31.03279203
16200.00000000 31.14821052
16300.00000000 31.09816708
16400.00000000 31.17208269
16500.00000000 31.38802368
16600.00000000 31.43801310
16700.00000000 31.32270111
16800.00000000 31.19787166
16900.00000000 31.26621995
17000.00000000 31.35731670
17100.00000000 31.43295567
17200.00000000 31.28385619
17300.00000000 31.15621732
17400.00000000 31.21930748
17500.00000000 31.12796091
17600.00000000 30.98995536
17700.00000000 30.98207067
17800.00000000 30.91756401
17900.00000000 30.81886684
18000.00000000 30.72934574
18100.00000000 30.63391117
18200.00000000 30.53318235
18300.00000000 30.40920946
18400.00000000 30.28065504
18500.00000000 30.13358079
18600.00000000 30.03142849
18700.00000000 29.89457848
18800.00000000 29.76708730
18900.00000000 29.71315915
19000.00000000 29.62917739
19100.00000000 29.51938932
19200.00000000 29.47494013
19300.00000000 29.36549914
19400.00000000 29.31191607
19500.00000000 29.19538799
19600.00000000 29.13062743
19700.00000000 29.15761812
19800.00000000 29.25038719
19900.00000000 29.18762633
20000.00000000 29.06271881
20100.00000000 29.08663159
20200.00000000 29.02007756
20300.00000000 28.92175705
20400.00000000 28.95337260
20500.00000000 28.85698175
20600.00000000 28.76802804
20700.00000000 28.66524116
20800.00000000 28.57383285
20900.00000000 28.49195208
21000.00000000 28.54510693
21100.00000000 28.47544734
21200.00000000 28.40790759
21300.00000000 28.32962308
21400.00000000 28.25773006
21500.00000000 28.27338606
21600.00000000 28.39469275
21700.00000000 28.54267951
21800.00000000 28.56365472
21900.00000000 28.52186524
22000.00000000 28.46621704
22100.00000000 28.40113082
22200.00000000 28.32768295
22300.00000000 28.21653958
22400.00000000 28.11729017
22500.00000000 28.21889302
22600.00000000 28.39726020
22700.00000000 28.47746516
22800.00000000 28.75644781
22900.00000000 28.91578944
23000.00000000 29.15297765
23100.00000000 29.34678797
23200.00000000 29.54238638
23300.00000000 29.58814357
23400.00000000 29.54217039
23500.00000000 29.45501146
23600.00000000 29.33996179
23700.00000000 29.30654415
23800.00000000 29.20579735
23900.00000000 29.14880338
24000.00000000 29.19328509
24100.00000000 29.15228830
24200.00000000 29.12015427
24300.00000000 29.20538973
24400.00000000 29.22925104
24500.00000000 29.19116916
24600.00000000 29.20029226
24700.00000000 29.25011533
24800.00000000 29.33985027
24900.00000000 29.36620497
25000.00000000 29.35386101
25100.00000000 29.30991976
25200.00000000 29.30430569
25300.00000000 29.21572702
25400.00000000 29.20349314
25500.00000000 29.16898684
25600.00000000 29.06566573
25700.00000000 29.00421963
25800.00000000 28.94520352
25900.00000000 28.86883595
26000.00000000 28.91470816
26100.00000000 29.13130697
26200.00000000 29.35655629
26300.00000000 29.71427535
26400.00000000 30.04158156
26500.00000000 30.27787807
26600.00000000 30.44472737
26700.00000000 30.55807864
26800.00000000 30.49255121
26900.00000000 30.43062251
27000.00000000 30.42033742
27100.00000000 30.40103103
27200.00000000 30.32820083
27300.00000000 30.24916525
27400.00000000 30.21431656
27500.00000000 30.13129031
27600.00000000 30.07747224
27700.00000000 30.00694673
27800.00000000 29.91646580
27900.00000000 29.89033129
28000.00000000 29.85709655
28100.00000000 29.87135324
28200.00000000 29.80401257
28300.00000000 29.74882883
28400.00000000 29.75080868
28500.00000000 29.71042119
28600.00000000 29.67494085
28700.00000000 29.60391233
28800.00000000 29.59059619
28900.00000000 29.56160644
29000.00000000 29.51152353
29100.00000000 29.49395120
29200.00000000 29.47215999
29300.00000000 29.42577275
29400.00000000 29.40339293
29500.00000000 29.32724936
29600.00000000 29.28081702
29700.00000000 29.21132736
29800.00000000 29.16868755
29900.00000000 29.07191457
30000.00000000 29.04639261
30100.00000000 28.99814659
30200.00000000 28.96199761
30300.00000000 28.89819635
30400.00000000 28.85047150
30500.00000000 28.86573235
30600.00000000 28.87433633
30700.00000000 28.84691685
30800.00000000 28.76435142
30900.00000000 28.72260379
31000.00000000 28.75852733
31100.00000000 28.69866384
31200.00000000 28.73665462
31300.00000000 28.82797846
31400.00000000 28.97290365
31500.00000000 28.97404007
31600.00000000 28.91048592
31700.00000000 28.85609116
31800.00000000 28.82207506
31900.00000000 28.76251709
32000.00000000 28.78575063
32100.00000000 28.76813949
32200.00000000 28.73221339
32300.00000000 28.68443928
32400.00000000 28.63685724
32500.00000000 28.57382728
32600.00000000 28.52587315
32700.00000000 28.46565197
32800.00000000 28.40774586
32900.00000000 28.32995770
33000.00000000 28.28340815
33100.00000000 28.28127060
33200.00000000 28.31430587
33300.00000000 28.31873751
33400.00000000 28.26007025
33500.00000000 28.48826460
33600.00000000 28.79741740
33700.00000000 29.06058019
33800.00000000 29.29557556
33900.00000000 29.42007877
34000.00000000 29.39095696
34100.00000000 29.31603592
34200.00000000 29.25568605
34300.00000000 29.18276569
34400.00000000 29.14744335
34500.00000000 29.10292847
34600.00000000 29.07891438
34700.00000000 28.99906689
34800.00000000 28.97131983
34900.00000000 29.01556609
35000.00000000 29.02462476
35100.00000000 28.97912161
35200.00000000 28.95881802
35300.00000000 28.92136474
35400.00000000 28.89119341
35500.00000000 28.86241066
35600.00000000 28.79021752
35700.00000000 28.77439871
35800.00000000 28.72203657
35900.00000000 28.67572638
36000.00000000 28.62751523
36100.00000000 28.57841345
36200.00000000 28.53002889
36300.00000000 28.46968358
36400.00000000 28.48701693
36500.00000000 28.58720420
36600.00000000 28.86231659
36700.00000000 29.14253801
36800.00000000 29.40555307
36900.00000000 29.60887891
37000.00000000 29.72987006
37100.00000000 29.86673398
37200.00000000 29.98438124
37300.00000000 30.04720802
37400.00000000 30.06637933
37500.00000000 30.13769928
37600.00000000 30.13695604
37700.00000000 30.07290910
37800.00000000 30.02622914
37900.00000000 30.06388152
38000.00000000 30.09336670
38100.00000000 30.03809655
38200.00000000 30.08508486
38300.00000000 30.14281381
38400.00000000 30.19505959
38500.00000000 30.18895747
38600.00000000 30.14578106
38700.00000000 30.20325655
38800.00000000 30.29956763
38900.00000000 30.36950447
39000.00000000 30.47288489
39100.00000000 30.54499315
39200.00000000 30.62822435
39300.00000000 30.60491414
39400.00000000 30.62137525
39500.00000000 30.70575373
39600.00000000 30.72009500
39700.00000000 30.69006760
39800.00000000 30.67254905
39900.00000000 30.76343103
40000.00000000 30.78000800
40100.00000000 30.80782887
40200.00000000 30.81137826
40300.00000000 30.81297395
40400.00000000 30.86348758
40500.00000000 30.85839224
40600.00000000 30.84188364
40700.00000000 30.79702021
40800.00000000 30.77697560
40900.00000000 30.72987249
41000.00000000 30.67465498
41100.00000000 30.67392258
41200.00000000 30.69306062
41300.00000000 30.71081664
41400.00000000 30.64098609
41500.00000000 30.58994297
41600.00000000 30.54567074
41700.00000000 30.47943818
41800.00000000 30.42012819
41900.00000000 30.39042908
42000.00000000 30.36779254
42100.00000000 30.35271620
42200.00000000 30.35745100
42300.00000000 30.43047959
42400.00000000 30.47041425
42500.00000000 30.42300771
42600.00000000 30.38420617
42700.00000000 30.34643340
42800.00000000 30.29812622
42900.00000000 30.29768801
43000.00000000 30.23911279
43100.00000000 30.17824218
43200.00000000 30.14355321
43300.00000000 30.09063686
43400.00000000 30.10408325
43500.00000000 30.05067994
43600.00000000 30.05982426
43700.00000000 30.08528137
43800.00000000 30.15606075
43900.00000000 30.30951832
44000.00000000 30.49958569
44100.00000000 30.58883889
44200.00000000 30.66077741
44300.00000000 30.63489634
44400.00000000 30.59690384
44500.00000000 30.58319629
44600.00000000 30.54427682
44700.00000000 30.50939381
44800.00000000 30.46583019
44900.00000000 30.41874248
45000.00000000 30.37406653
45100.00000000 30.35602236
45200.00000000 30.30787159
45300.00000000 30.31109332
45400.00000000 30.30336858
45500.00000000 30.27643097
45600.00000000 30.24577004
45700.00000000 30.22543433
45800.00000000 30.18697573
45900.00000000 30.15832088
46000.00000000 30.12466037
46100.00000000 30.07777090
46200.00000000 30.03201024
46300.00000000 29.98273886
46400.00000000 30.05628378
46500.00000000 30.04140763
46600.00000000 29.99008241
46700.00000000 29.96109444
46800.00000000 29.91982046
46900.00000000 29.88083585
47000.00000000 29.86369546
47100.00000000 29.85543235
47200.00000000 29.81562242
47300.00000000 29.87233019
47400.00000000 29.97033373
47500.00000000 30.01929259
47600.00000000 29.96566592
47700.00000000 29.91564253
47800.00000000 29.90695463
47900.00000000 29.87956444
48000.00000000 29.84643099
48100.00000000 29.81497992
48200.00000000 29.76900883
48300.00000000 29.74506330
48400.00000000 29.69379112
48500.00000000 29.65633890
48600.00000000 29.61699313
48700.00000000 29.57537293
48800.00000000 29.53876019
48900.00000000 29.65185899
49000.00000000 29.73468915
49100.00000000 29.80169397
49200.00000000 29.89129746
49300.00000000 29.88234806
49400.00000000 29.83671260
49500.00000000 29.78146692
49600.00000000 29.74383704
49700.00000000 29.71008720
49800.00000000 29.66472292
49900.00000000 29.63909570
50000.00000000 29.60446169
50100.00000000 29.61235100
50200.00000000 29.59784697
50300.00000000 29.56040260
50400.00000000 29.53714472
50500.00000000 29.51238675
50600.00000000 29.48941211
50700.00000000 29.44708645
50800.00000000 29.42714802
50900.00000000 29.40038190
51000.00000000 29.34905447
51100.00000000 29.32089157
51200.00000000 29.31751059
51300.00000000 29.31266887
51400.00000000 29.28219430
51500.00000000 29.25002529
51600.00000000 29.23117134
51700.00000000 29.19435806
51800.00000000 29.14629101
51900.00000000 29.11902801
52000.00000000 29.08964069
52100.00000000 29.07833695
52200.00000000 29.04591643
52300.00000000 29.00434466
52400.00000000 28.96907149
52500.00000000 28.94372203
52600.00000000 28.91253370
52700.00000000 28.89721865
52800.00000000 28.86478211
52900.00000000 28.82248035
53000.00000000 28.79230730
53100.00000000 28.76617207
53200.00000000 28.76833496
53300.00000000 28.81890276
53400.00000000 28.84121558
53500.00000000 28.82593211
53600.00000000 28.78127094
53700.00000000 28.74754476
53800.00000000 28.70515218
53900.00000000 28.66704506
54000.00000000 28.65128664
54100.00000000 28.63801344
54200.00000000 28.70560330
54300.00000000 28.69008348
54400.00000000 28.67166848
54500.00000000 28.63939187
54600.00000000 28.62479573
54700.00000000 28.62912063
54800.00000000 28.59686709
54900.00000000 28.55860634
55000.00000000 28.55354316
55100.00000000 28.56063752
55200.00000000 28.54354206
55300.00000000 28.51728269
55400.00000000 28.54887619
55500.00000000 28.52916502
55600.00000000 28.51071279
55700.00000000 28.47919901
55800.00000000 28.45935562
55900.00000000 28.47788502
56000.00000000 28.51456423
56100.00000000 28.54723558
56200.00000000 28.59824640
56300.00000000 28.64491504
56400.00000000 28.69511456
56500.00000000 28.76452426
56600.00000000 28.84795393
56700.00000000 28.91060020
56800.00000000 28.90385257
56900.00000000 28.86396768
57000.00000000 28.83657923
57100.00000000 28.80343111
57200.00000000 28.77874223
57300.00000000 28.73879089
57400.00000000 28.70484470
57500.00000000 28.67939189
57600.00000000 28.66321701
57700.00000000 28.66784204
57800.00000000 28.71556035
57900.00000000 28.72799916
58000.00000000 28.77185580
58100.00000000 28.76876207
58200.00000000 28.74490616
58300.00000000 28.72682787
58400.00000000 28.69243320
58500.00000000 28.66925890
58600.00000000 28.64755579
58700.00000000 28.66041547
58800.00000000 28.63840849
58900.00000000 28.60349596
59000.00000000 28.58379785
59100.00000000 28.63582003
59200.00000000 28.78793080
59300.00000000 28.95415391
59400.00000000 29.07103954
59500.00000000 29.09756676
59600.00000000 29.05913263
59700.00000000 29.03201100
59800.00000000 28.99684502
59900.00000000 29.00097547
60000.00000000 29.04989109
60100.00000000 29.03791760
60200.00000000 29.06285001
60300.00000000 29.13767926
60400.00000000 29.16767678
60500.00000000 29.20765605
60600.00000000 29.35598830
60700.00000000 29.56468331
60800.00000000 29.68862199
60900.00000000 29.79470634
61000.00000000 29.88509595
61100.00000000 29.96419076
61200.00000000 30.01650667
61300.00000000 30.04447894
61400.00000000 30.00318512
61500.00000000 29.98541150
61600.00000000 29.93701811
61700.00000000 29.90627367
61800.00000000 29.89527607
61900.00000000 29.87799649
62000.00000000 29.84900210
62100.00000000 29.82999489
62200.00000000 29.82012972
62300.00000000 29.83841225
62400.00000000 29.88107359
62500.00000000 29.97249631
62600.00000000 30.07536960
62700.00000000 30.14122395
62800.00000000 30.10405564
62900.00000000 30.07200509
63000.00000000 30.04977203
63100.00000000 30.03185378
63200.00000000 30.01483725
63300.00000000 29.99561746
63400.00000000 30.00741578
63500.00000000 29.96695367
63600.00000000 29.94032342
63700.00000000 29.91039054
63800.00000000 29.89722155
63900.00000000 29.91989967
64000.00000000 29.89637809
64100.00000000 29.87355810
64200.00000000 29.89426678
64300.00000000 29.92028708
64400.00000000 29.99392727
64500.00000000 29.99710814
64600.00000000 29.98458799
64700.00000000 29.95802657
64800.00000000 29.93067333
64900.00000000 29.90497206
65000.00000000 29.88872403
65100.00000000 29.84714875
65200.00000000 29.80551318
65300.00000000 29.78724531
65400.00000000 29.75895038
65500.00000000 29.73864339
65600.00000000 29.71064312
65700.00000000 29.68713029
65800.00000000 29.70506415
65900.00000000 29.67141679
66000.00000000 29.65553320
66100.00000000 29.61605256
66200.00000000 29.58382607
66300.00000000 29.55519046
66400.00000000 29.54009893
66500.00000000 29.51459186
66600.00000000 29.49329078
66700.00000000 29.45266593
66800.00000000 29.45700981
66900.00000000 29.48099070
67000.00000000 29.49611394
67100.00000000 29.46915298
67200.00000000 29.45179962
67300.00000000 29.44123642
67400.00000000 29.42568272
67500.00000000 29.39619728
67600.00000000 29.37938133
67700.00000000 29.36764271
67800.00000000 29.35868252
67900.00000000 29.35048739
68000.00000000 29.31682166
68100.00000000 29.31324393
68200.00000000 29.34432707
68300.00000000 29.33205878
68400.00000000 29.31437290
68500.00000000 29.34287652
68600.00000000 29.41645551
68700.00000000 29.50242465
68800.00000000 29.58771198
68900.00000000 29.69546954
69000.00000000 29.77344386
69100.00000000 29.82511353
69200.00000000 29.81210585
69300.00000000 29.83821715
69400.00000000 29.84987931
69500.00000000 29.86735463
69600.00000000 29.85954340
69700.00000000 29.83617689
69800.00000000 29.83067428
69900.00000000 29.83193201
70000.00000000 29.80843234
70100.00000000 29.78752805
70200.00000000 29.75663516
70300.00000000 29.74314604
70400.00000000 29.70845711
70500.00000000 29.69578692
70600.00000000 29.71493658
70700.00000000 29.75247092
70800.00000000 29.82847197
70900.00000000 29.91565494
71000.00000000 30.01402564
71100.00000000 30.05032280
71200.00000000 30.01868113
71300.00000000 30.00142769
71400.00000000 29.97307272
71500.00000000 29.95195526
71600.00000000 29.93179345
71700.00000000 29.90617350
71800.00000000 29.90192539
71900.00000000 29.87320867
72000.00000000 29.84522436
72100.00000000 29.84969975
72200.00000000 29.87575150
72300.00000000 29.99636479
72400.00000000 30.18740924
72500.00000000 30.37434896
72600.00000000 30.56360274
72700.00000000 30.81677395
72800.00000000 31.12144880
72900.00000000 31.39290392
73000.00000000 31.61127670
73100.00000000 31.81192858
73200.00000000 31.93071116
73300.00000000 32.01014045
73400.00000000 32.01366644
73500.00000000 31.98599300
73600.00000000 31.96687511
73700.00000000 31.95813886
73800.00000000 31.94587281
73900.00000000 31.92049106
74000.00000000 31.89287630
74100.00000000 31.88514037
74200.00000000 31.94808057
74300.00000000 32.01063209
74400.00000000 32.08284033
74500.00000000 32.15684281
74600.00000000 32.22585868
74700.00000000 32.29096852
74800.00000000 32.34113638
74900.00000000 32.38427008
75000.00000000 32.39502871
75100.00000000 32.38572403
75200.00000000 32.38397126
75300.00000000 32.35367729
75400.00000000 32.32485588
75500.00000000 32.29765781
75600.00000000 32.27559977
75700.00000000 32.24058889
75800.00000000 32.22175008
75900.00000000 32.18718745
76000.00000000 32.19054479
76100.00000000 32.18033219
76200.00000000 32.22610881
76300.00000000 32.35571263
76400.00000000 32.53325246
76500.00000000 32.62587444
76600.00000000 32.74283860
76700.00000000 32.82081865
76800.00000000 32.86265356
76900.00000000 32.85852352
77000.00000000 32.86038548
77100.00000000 32.87348391
77200.00000000 32.85152779
77300.00000000 32.82578298
77400.00000000 32.80107695
77500.00000000 32.84462781
77600.00000000 32.93594299
77700.00000000 33.04546071
77800.00000000 33.15601553
77900.00000000 33.28581236
78000.00000000 33.38649922
78100.00000000 33.45611289
78200.00000000 33.47533383
78300.00000000 33.48904592
78400.00000000 33.49294084
78500.00000000 33.46568972
78600.00000000 33.43499859
78700.00000000 33.43434143
78800.00000000 33.42359606
78900.00000000 33.38825669
79000.00000000 33.36412715
79100.00000000 33.32957956
79200.00000000 33.29596157
79300.00000000 33.28540986
79400.00000000 33.25847562
79500.00000000 33.22690667
79600.00000000 33.19520864
79700.00000000 33.16317336
79800.00000000 33.19026080
79900.00000000 33.16896205
80000.00000000 33.14019681
80100.00000000 33.14410949
80200.00000000 33.12875519
80300.00000000 33.09844238
80400.00000000 33.07792135
80500.00000000 33.06222895
80600.00000000 33.05152840
80700.00000000 33.02931787
80800.00000000 33.05630323
80900.00000000 33.07990406
81000.00000000 33.10490188
81100.00000000 33.07704833
81200.00000000 33.06689367
81300.00000000 33.04606575
81400.00000000 33.01531475
81500.00000000 32.99826705
81600.00000000 32.97155271
81700.00000000 32.95154408
81800.00000000 32.91565570
81900.00000000 32.91899260
82000.00000000 32.91072358
82100.00000000 32.88522893
82200.00000000 32.85821311
82300.00000000 32.84132791
82400.00000000 32.81143195
82500.00000000 32.78780593
82600.00000000 32.75944465
82700.00000000 32.72139710
82800.00000000 32.69863801
82900.00000000 32.67141126
83000.00000000 32.64641784
83100.00000000 32.61996290
83200.00000000 32.60819210
83300.00000000 32.60380374
83400.00000000 32.64906495
83500.00000000 32.68998524
83600.00000000 32.70666968
83700.00000000 32.71178238
83800.00000000 32.71540968
83900.00000000 32.69665231
84000.00000000 32.67300483
84100.00000000 32.63488342
84200.00000000 32.61991753
84300.00000000 32.61061382
84400.00000000 32.57642425
84500.00000000 32.55272314
84600.00000000 32.57278817
84700.00000000 32.62051964
84800.00000000 32.65429635
84900.00000000 32.69555059
85000.00000000 32.70248095
85100.00000000 32.66945929
85200.00000000 32.67025315
85300.00000000 32.65753855
85400.00000000 32.65388136
85500.00000000 32.71801243
85600.00000000 32.74904910
85700.00000000 32.72782449
85800.00000000 32.69760279
85900.00000000 32.70715391
86000.00000000 32.78447832
86100.00000000 32.81396807
86200.00000000 32.79950807
86300.00000000 32.76815405
86400.00000000 32.81442627
86500.00000000 32.86674025
86600.00000000 32.93528236
86700.00000000 33.04036628
86800.00000000 33.14434241
86900.00000000 33.22804402
87000.00000000 33.24754592
87100.00000000 33.22885439
87200.00000000 33.19748018
87300.00000000 33.21057915
87400.00000000 33.23976572
87500.00000000 33.22980689
87600.00000000 33.19786014
87700.00000000 33.16621760
87800.00000000 33.15710991
87900.00000000 33.13600143
88000.00000000 33.10303268
88100.00000000 33.08121306
88200.00000000 33.05309996
88300.00000000 33.03246755
88400.00000000 32.99585734
88500.00000000 32.97580104
88600.00000000 32.96584784
88700.00000000 32.94534359
88800.00000000 32.91799263
88900.00000000 32.88922709
89000.00000000 32.87717348
89100.00000000 32.85668369
89200.00000000 32.83561160
89300.00000000 32.81313336
89400.00000000 32.77391643
89500.00000000 32.76677253
89600.00000000 32.76808966
89700.00000000 32.74137901
89800.00000000 32.73771731
89900.00000000 32.72121380
90000.00000000 32.69224779
90100.00000000 32.68638348
90200.00000000 32.69251054
90300.00000000 32.66463559
90400.00000000 32.64477252
90500.00000000 32.61933762
90600.00000000 32.59242370
90700.00000000 32.58031612
90800.00000000 32.62749350
90900.00000000 32.64494855
91000.00000000 32.64575219
91100.00000000 32.68427057
91200.00000000 32.66320181
91300.00000000 32.67198796
91400.00000000 32.63947450
91500.00000000 32.61653604
91600.00000000 32.59616260
91700.00000000 32.56220790
91800.00000000 32.54025758
91900.00000000 32.51127829
92000.00000000 32.51640706
92100.00000000 32.55198969
92200.00000000 32.59572116
92300.00000000 32.65456735
92400.00000000 32.67724778
92500.00000000 32.66495514
92600.00000000 32.64820326
92700.00000000 32.62280877
92800.00000000 32.62335022
92900.00000000 32.60204949
93000.00000000 32.58517084
93100.00000000 32.56039247
93200.00000000 32.53505065
93300.00000000 32.51259280
93400.00000000 32.48941012
93500.00000000 32.47033337
93600.00000000 32.45812034
93700.00000000 32.44363948
93800.00000000 32.42655980
93900.00000000 32.41062710
94000.00000000 32.42972170
94100.00000000 32.45062030
94200.00000000 32.44528928
94300.00000000 32.42370354
94400.00000000 32.40791848
94500.00000000 32.38959596
94600.00000000 32.36487309
94700.00000000 32.34259296
94800.00000000 32.32586454
94900.00000000 32.31131448
95000.00000000 32.28328468
95100.00000000 32.27081397
95200.00000000 32.28424238
95300.00000000 32.26896647
95400.00000000 32.24908872
95500.00000000 32.24894728
95600.00000000 32.23830772
95700.00000000 32.21463793
95800.00000000 32.19778811
95900.00000000 32.18633275
96000.00000000 32.15557797
96100.00000000 32.14148853
96200.00000000 32.16096891
96300.00000000 32.17496343
96400.00000000 32.16243611
96500.00000000 32.15646810
96600.00000000 32.13930885
96700.00000000 32.11949159
96800.00000000 32.09322888
96900.00000000 32.06414398
97000.00000000 32.04494964
97100.00000000 32.02900167
97200.00000000 32.01943525
97300.00000000 32.00616589
97400.00000000 31.98902097
97500.00000000 31.97334583
97600.00000000 31.96169857
97700.00000000 31.97081017
97800.00000000 31.94717543
97900.00000000 31.93744947
98000.00000000 31.92168640
98100.00000000 31.92819998
98200.00000000 31.92650922
98300.00000000 31.93461613
98400.00000000 31.91228799
98500.00000000 31.89873783
98600.00000000 31.90858946
98700.00000000 31.88375241
98800.00000000 31.85488251
98900.00000000 31.84893951
99000.00000000 31.85849291
99100.00000000 31.88441469
99200.00000000 31.88690576
99300.00000000 31.87440510
99400.00000000 31.85687321
99500.00000000 31.83631784
99600.00000000 31.81506442
99700.00000000 31.79650426
99800.00000000 31.77661010
99900.00000000 31.79875310
100000.00000000 31.82472849
