100.00000000 20.70942188
200.00000000 16.25553094
300.00000000 14.93917986
400.00000000 15.07282107
500.00000000 15.18281017
600.00000000 17.39056570
700.00000000 20.85230491
800.00000000 23.04160602
900.00000000 25.30771046
1000.00000000 25.66446601
1100.00000000 29.31154717
1200.00000000 30.64883048
1300.00000000 32.86962863
1400.00000000 34.59507828
1500.00000000 34.44114445
1600.00000000 35.17558407
1700.00000000 36.47857195
1800.00000000 37.93946171
1900.00000000 42.54295631
2000.00000000 45.24883183
2100.00000000 46.99299701
2200.00000000 49.15129891
2300.00000000 49.86225409
2400.00000000 52.06121147
2500.00000000 52.47172878
2600.00000000 52.35558414
2700.00000000 53.28388310
2800.00000000 53.32028799
2900.00000000 54.04806733
3000.00000000 53.87701863
3100.00000000 52.73745409
3200.00000000 51.60985719
3300.00000000 51.26185675
3400.00000000 50.80088402
3500.00000000 50.08984989
3600.00000000 49.86994876
3700.00000000 49.79092591
3800.00000000 49.01668908
3900.00000000 48.82037456
4000.00000000 48.02091414
4100.00000000 47.25270794
4200.00000000 46.39060594
4300.00000000 45.60967160
4400.00000000 45.27782468
4500.00000000 44.75427780
4600.00000000 44.03043542
4700.00000000 44.76851656
4800.00000000 45.15101522
4900.00000000 45.66434411
5000.00000000 45.64558346
5100.00000000 45.07743490
5200.00000000 45.33184570
5300.00000000 45.54284003
5400.00000000 45.17215036
5500.00000000 44.68272995
5600.00000000 43.94615944
5700.00000000 43.55956878
5800.00000000 43.26057928
5900.00000000 43.75439185
6000.00000000 44.30356579
6100.00000000 44.52897420
6200.00000000 44.84912986
6300.00000000 44.68731324
6400.00000000 44.25062949
6500.00000000 43.79460899
6600.00000000 43.23262411
6700.00000000 42.80672938
6800.00000000 42.53543842
6900.00000000 42.20501407
7000.00000000 41.90374548
7100.00000000 41.26824820
7200.00000000 40.89574422
7300.00000000 40.63643139
7400.00000000 40.43622349
7500.00000000 39.91518316
7600.00000000 39.43335422
7700.00000000 39.20235072
7800.00000000 38.94860357
7900.00000000 38.93964348
8000.00000000 38.64375093
8100.00000000 38.60187794
8200.00000000 38.72913472
8300.00000000 39.26810271
8400.00000000 39.83771140
8500.00000000 40.44005735
8600.00000000 40.55878654
8700.00000000 40.53550433
8800.00000000 40.23178712
8900.00000000 40.16953206
9000.00000000 40.00712323
9100.00000000 39.81285296
9200.00000000 39.42525133
9300.00000000 39.43602701
9400.00000000 39.86599593
9500.00000000 40.28552567
9600.00000000 40.54755183
9700.00000000 40.44780131
9800.00000000 40.69806949
9900.00000000 41.32327752
10000.00000000 41.63841290
10100.00000000 41.85749417
10200.00000000 41.93186082
10300.00000000 41.74924990
10400.00000000 41.48671267
10500.00000000 41.14085763
10600.00000000 40.85195115
10700.00000000 40.57482110
10800.00000000 40.36249750
10900.00000000 39.99494226
11000.00000000 40.17915145
11100.00000000 40.29989273
11200.00000000 40.47980624
11300.00000000 40.63325263
11400.00000000 40.44797501
11500.00000000 40.16000869
11600.00000000 40.07247279
11700.00000000 39.87947141
11800.00000000 39.73758084
11900.00000000 40.16312168
12000.00000000 40.43851671
12100.00000000 40.40589974
12200.00000000 40.45034524
12300.00000000 40.32368837
12400.00000000 39.96839664
12500.00000000 39.82739095
12600.00000000 39.66225840
12700.00000000 39.91838377
12800.00000000 40.21192782
12900.00000000 40.76264982
13000.00000000 41.63784970
13100.00000000 42.75577763
13200.00000000 43.58229723
13300.00000000 44.36447147
13400.00000000 45.00022679
13500.00000000 45.90760898
13600.00000000 46.92977958
13700.00000000 47.84914508
13800.00000000 49.07140729
13900.00000000 50.37579259
14000.00000000 51.46411061
14100.00000000 52.58227704
14200.00000000 53.82393983
14300.00000000 54.78899178
14400.00000000 55.11219148
14500.00000000 55.64418332
14600.00000000 56.09100568
14700.00000000 56.81042678
14800.00000000 57.16581193
14900.00000000 57.71738569
15000.00000000 57.84053848
15100.00000000 57.59549505
15200.00000000 57.44167131
15300.00000000 57.73406161
15400.00000000 57.71291157
15500.00000000 57.56232941
15600.00000000 57.26564715
15700.00000000 57.02304519
15800.00000000 56.57208091
15900.00000000 56.32669838
16000.00000000 56.10548514
16100.00000000 55.94627528
16200.00000000 55.69665957
16300.00000000 55.68947127
16400.00000000 55.52243812
16500.00000000 55.71422984
16600.00000000 55.91859234
16700.00000000 56.08927354
16800.00000000 56.47124826
16900.00000000 56.82329560
17000.00000000 57.14794387
17100.00000000 57.11335343
17200.00000000 57.03378078
17300.00000000 57.00905969
17400.00000000 56.92379015
17500.00000000 56.86815542
17600.00000000 57.13584778
17700.00000000 57.50736986
17800.00000000 57.66112458
17900.00000000 57.70217184
18000.00000000 57.60161503
18100.00000000 57.58821155
18200.00000000 57.36439788
18300.00000000 57.07379706
18400.00000000 56.78165685
18500.00000000 56.52191843
18600.00000000 56.29157093
18700.00000000 56.10251668
18800.00000000 55.89049264
18900.00000000 55.64215957
19000.00000000 55.47729490
19100.00000000 55.35551431
19200.00000000 55.15236076
19300.00000000 54.98030747
19400.00000000 54.84390237
19500.00000000 54.67698015
19600.00000000 54.54174245
19700.00000000 54.44295964
19800.00000000 54.31705640
19900.00000000 54.12701599
20000.00000000 53.87070176
20100.00000000 53.78168934
20200.00000000 53.79936526
20300.00000000 53.81277529
20400.00000000 53.70813419
20500.00000000 53.60863591
20600.00000000 53.41588531
20700.00000000 53.30784204
20800.00000000 53.11691294
20900.00000000 52.94455892
21000.00000000 52.83548097
21100.00000000 52.63592710
21200.00000000 52.50789074
21300.00000000 52.30788754
21400.00000000 52.07801297
21500.00000000 51.91203910
21600.00000000 51.69113574
21700.00000000 51.52752566
21800.00000000 51.40579427
21900.00000000 51.19183452
22000.00000000 51.04232749
22100.00000000 50.90463084
22200.00000000 50.71837304
22300.00000000 50.49558007
22400.00000000 50.50920898
22500.00000000 50.75480103
22600.00000000 50.94009277
22700.00000000 51.20123687
22800.00000000 51.42081804
22900.00000000 51.56168104
23000.00000000 51.66406849
23100.00000000 51.76014942
23200.00000000 51.77737388
23300.00000000 51.78479947
23400.00000000 51.91100578
23500.00000000 51.78951471
23600.00000000 51.54193957
23700.00000000 51.40647864
23800.00000000 51.25735227
23900.00000000 51.19059113
24000.00000000 51.17837339
24100.00000000 51.09114790
24200.00000000 51.07458316
24300.00000000 51.02268759
24400.00000000 50.90839397
24500.00000000 50.68666129
24600.00000000 50.62240098
24700.00000000 50.69336637
24800.00000000 50.55998937
24900.00000000 50.42331869
25000.00000000 50.27247961
25100.00000000 50.38737912
25200.00000000 50.58015240
25300.00000000 50.90028591
25400.00000000 51.30006270
25500.00000000 51.57264374
25600.00000000 51.70586846
25700.00000000 51.63774840
25800.00000000 51.50545217
25900.00000000 51.32182268
26000.00000000 51.26224798
26100.00000000 51.28151897
26200.00000000 51.18411572
26300.00000000 51.00815003
26400.00000000 50.90784846
26500.00000000 50.75175520
26600.00000000 50.67477251
26700.00000000 50.73201728
26800.00000000 50.66056225
26900.00000000 50.51226342
27000.00000000 50.36815571
27100.00000000 50.22609876
27200.00000000 50.04656892
27300.00000000 49.89838149
27400.00000000 49.82581052
27500.00000000 49.71241691
27600.00000000 49.69628611
27700.00000000 49.55894986
27800.00000000 49.42096899
27900.00000000 49.39725791
28000.00000000 49.33129109
28100.00000000 49.25755915
28200.00000000 49.09195986
28300.00000000 48.96288412
28400.00000000 48.93343150
28500.00000000 49.05986677
28600.00000000 49.08494507
28700.00000000 49.07185572
28800.00000000 49.03972670
28900.00000000 48.91057828
29000.00000000 48.79900968
29100.00000000 48.67838412
29200.00000000 48.59013712
29300.00000000 48.52336174
29400.00000000 48.38620904
29500.00000000 48.44068716
29600.00000000 48.48367521
29700.00000000 48.51534171
29800.00000000 48.42591973
29900.00000000 48.33593000
30000.00000000 48.16366275
30100.00000000 48.13969800
30200.00000000 48.03326190
30300.00000000 48.02399016
30400.00000000 48.03339969
30500.00000000 48.04651638
30600.00000000 48.08778905
30700.00000000 48.05582878
30800.00000000 47.93183964
30900.00000000 47.77999187
31000.00000000 47.73863912
31100.00000000 47.62960873
31200.00000000 47.48441950
31300.00000000 47.47189072
31400.00000000 47.54916153
31500.00000000 47.51566901
31600.00000000 47.42090246
31700.00000000 47.38435891
31800.00000000 47.38734400
31900.00000000 47.29888921
32000.00000000 47.32180600
32100.00000000 47.23816409
32200.00000000 47.24261874
32300.00000000 47.15463642
32400.00000000 47.07067638
32500.00000000 46.99302459
32600.00000000 46.94475020
32700.00000000 46.83259652
32800.00000000 46.70593202
32900.00000000 46.61911268
33000.00000000 46.53031234
33100.00000000 46.51573880
33200.00000000 46.64681023
33300.00000000 46.62863914
33400.00000000 46.67856652
33500.00000000 46.62818557
33600.00000000 46.48815229
33700.00000000 46.40418970
33800.00000000 46.35509051
33900.00000000 46.24990004
34000.00000000 46.21981386
34100.00000000 46.15884895
34200.00000000 46.03839544
34300.00000000 45.94299854
34400.00000000 45.94626860
34500.00000000 46.17296017
34600.00000000 46.34425049
34700.00000000 46.51646729
34800.00000000 46.58892052
34900.00000000 46.75884789
35000.00000000 47.01724405
35100.00000000 47.21552070
35200.00000000 47.31801072
35300.00000000 47.31129359
35400.00000000 47.21953696
35500.00000000 47.22812169
35600.00000000 47.22426786
35700.00000000 47.13179558
35800.00000000 47.02564908
35900.00000000 46.95516788
36000.00000000 46.87818796
36100.00000000 46.77138020
36200.00000000 46.70416061
36300.00000000 46.64832966
36400.00000000 46.55506402
36500.00000000 46.44564922
36600.00000000 46.40585081
36700.00000000 46.33645743
36800.00000000 46.26848365
36900.00000000 46.27517629
37000.00000000 46.26780219
37100.00000000 46.25385485
37200.00000000 46.20136284
37300.00000000 46.15299521
37400.00000000 46.03439125
37500.00000000 46.03069384
37600.00000000 45.93111475
37700.00000000 45.83028806
37800.00000000 45.80513355
37900.00000000 45.75078701
38000.00000000 45.66458486
38100.00000000 45.66318522
38200.00000000 45.71026652
38300.00000000 45.72681538
38400.00000000 45.79359510
38500.00000000 45.82171130
38600.00000000 45.97630659
38700.00000000 46.14707900
38800.00000000 46.33228667
38900.00000000 46.52136728
39000.00000000 46.64172511
39100.00000000 46.78686712
39200.00000000 46.89241725
39300.00000000 46.89929192
39400.00000000 46.76947747
39500.00000000 46.67797428
39600.00000000 46.59708066
39700.00000000 46.52090164
39800.00000000 46.44501473
39900.00000000 46.37673036
40000.00000000 46.37216131
40100.00000000 46.27896681
40200.00000000 46.24594862
40300.00000000 46.19311538
40400.00000000 46.12065549
40500.00000000 46.09349940
40600.00000000 46.03071952
40700.00000000 46.22077624
40800.00000000 46.35876522
40900.00000000 46.55828111
41000.00000000 46.64810871
41100.00000000 46.83186028
41200.00000000 46.98002847
41300.00000000 47.12881889
41400.00000000 47.24731267
41500.00000000 47.29954243
41600.00000000 47.24247262
41700.00000000 47.14134013
41800.00000000 47.16372497
41900.00000000 47.21318740
42000.00000000 47.28558217
42100.00000000 47.26460566
42200.00000000 47.34304641
42300.00000000 47.49707359
42400.00000000 47.61638049
42500.00000000 47.70942979
42600.00000000 47.75375976
42700.00000000 47.83142735
42800.00000000 47.79401329
42900.00000000 47.71661842
43000.00000000 47.64252980
43100.00000000 47.54330406
43200.00000000 47.45318725
43300.00000000 47.36748482
43400.00000000 47.31744408
43500.00000000 47.22424261
43600.00000000 47.14246478
43700.00000000 47.07069927
43800.00000000 47.00962321
43900.00000000 46.92009000
44000.00000000 46.89475607
44100.00000000 46.91852191
44200.00000000 47.00886957
44300.00000000 47.16671128
44400.00000000 47.27118393
44500.00000000 47.27335257
44600.00000000 47.19612965
44700.00000000 47.17108534
44800.00000000 47.11747240
44900.00000000 47.05552272
45000.00000000 46.98535828
45100.00000000 46.92050379
45200.00000000 46.85960740
45300.00000000 46.79108256
45400.00000000 46.75315684
45500.00000000 46.66792900
45600.00000000 46.60808996
45700.00000000 46.52683222
45800.00000000 46.44455080
45900.00000000 46.35044688
46000.00000000 46.30200366
46100.00000000 46.24956247
46200.00000000 46.19471606
46300.00000000 46.12252321
46400.00000000 46.03238332
46500.00000000 45.94651245
46600.00000000 45.89880893
46700.00000000 45.82793145
46800.00000000 45.72874255
46900.00000000 45.64705193
47000.00000000 45.57742336
47100.00000000 45.54926228
47200.00000000 45.48062016
47300.00000000 45.41426220
47400.00000000 45.39036687
47500.00000000 45.38201835
47600.00000000 45.46546764
47700.00000000 45.51738206
47800.00000000 45.54065168
47900.00000000 45.57753783
48000.00000000 45.51693629
48100.00000000 45.48051632
48200.00000000 45.42020347
48300.00000000 45.35740042
48400.00000000 45.26626631
48500.00000000 45.24682386
48600.00000000 45.14490707
48700.00000000 45.09675227
48800.00000000 45.04765088
48900.00000000 44.95362468
49000.00000000 44.96464203
49100.00000000 45.01210470
49200.00000000 45.02486387
49300.00000000 44.98430129
49400.00000000 44.93829826
49500.00000000 44.92050835
49600.00000000 44.85358869
49700.00000000 44.76579844
49800.00000000 44.71509831
49900.00000000 44.66006792
50000.00000000 44.59830912
50100.00000000 44.53878569
50200.00000000 44.48905295
50300.00000000 44.45771935
50400.00000000 44.42891592
50500.00000000 44.47289505
50600.00000000 44.62669056
50700.00000000 44.84719084
50800.00000000 45.01790715
50900.00000000 45.16173163
51000.00000000 45.27015178
51100.00000000 45.33036285
51200.00000000 45.39493813
51300.00000000 45.44329835
51400.00000000 45.39731043
51500.00000000 45.33758268
51600.00000000 45.28833089
51700.00000000 45.22887614
51800.00000000 45.15226603
51900.00000000 45.10574952
52000.00000000 45.10291981
52100.00000000 45.15653106
52200.00000000 45.20249951
52300.00000000 45.14976749
52400.00000000 45.07193013
52500.00000000 45.02975994
52600.00000000 44.99493866
52700.00000000 44.94384673
52800.00000000 44.90668728
52900.00000000 44.87624091
53000.00000000 44.85756716
53100.00000000 44.82278890
53200.00000000 44.76080809
53300.00000000 44.69524396
53400.00000000 44.66880248
53500.00000000 44.73760886
53600.00000000 44.77976262
53700.00000000 44.79448447
53800.00000000 44.75232063
53900.00000000 44.69050680
54000.00000000 44.64284911
54100.00000000 44.59704926
54200.00000000 44.55759393
54300.00000000 44.49675225
54400.00000000 44.43836226
54500.00000000 44.40054446
54600.00000000 44.31837753
54700.00000000 44.31294907
54800.00000000 44.24527758
54900.00000000 44.19248804
55000.00000000 44.12388185
55100.00000000 44.06713577
55200.00000000 44.04992368
55300.00000000 44.00764015
55400.00000000 43.96387487
55500.00000000 43.91843344
55600.00000000 43.87922384
55700.00000000 43.82968001
55800.00000000 43.76693257
55900.00000000 43.75476631
56000.00000000 43.84364320
56100.00000000 43.85313345
56200.00000000 43.79178859
56300.00000000 43.75458080
56400.00000000 43.70227019
56500.00000000 43.63441891
56600.00000000 43.56321967
56700.00000000 43.51292717
56800.00000000 43.48060393
56900.00000000 43.44318949
57000.00000000 43.42131557
57100.00000000 43.38409062
57200.00000000 43.30189212
57300.00000000 43.24511251
57400.00000000 43.21254673
57500.00000000 43.23040993
57600.00000000 43.23613820
57700.00000000 43.25244792
57800.00000000 43.26435118
57900.00000000 43.22004902
58000.00000000 43.18582752
58100.00000000 43.16627481
58200.00000000 43.15754661
58300.00000000 43.11733444
58400.00000000 43.08414492
58500.00000000 43.08613274
58600.00000000 43.13077858
58700.00000000 43.13997501
58800.00000000 43.13723345
58900.00000000 43.15782951
59000.00000000 43.13043247
59100.00000000 43.09197689
59200.00000000 43.04341378
59300.00000000 43.06442666
59400.00000000 43.20255942
59500.00000000 43.39257292
59600.00000000 43.61444065
59700.00000000 43.82607391
59800.00000000 43.99794320
59900.00000000 44.11505103
60000.00000000 44.17014978
60100.00000000 44.28829878
60200.00000000 44.39636809
60300.00000000 44.45464077
60400.00000000 44.41611170
60500.00000000 44.44859410
60600.00000000 44.56026014
60700.00000000 44.63812554
60800.00000000 44.74576816
60900.00000000 44.86421403
61000.00000000 45.03433632
61100.00000000 45.20616393
61200.00000000 45.34380354
61300.00000000 45.41364827
61400.00000000 45.56449829
61500.00000000 45.70148785
61600.00000000 45.81968313
61700.00000000 45.92795517
61800.00000000 46.01943202
61900.00000000 46.10525886
62000.00000000 46.12993736
62100.00000000 46.14890664
62200.00000000 46.16122167
62300.00000000 46.14091375
62400.00000000 46.08170300
62500.00000000 46.04269486
62600.00000000 45.99992986
62700.00000000 45.96778796
62800.00000000 45.92446083
62900.00000000 45.90315483
63000.00000000 45.86794499
63100.00000000 45.84097915
63200.00000000 45.78637271
63300.00000000 45.74615825
63400.00000000 45.73530024
63500.00000000 45.69528435
63600.00000000 45.64183838
63700.00000000 45.61298295
63800.00000000 45.54791043
63900.00000000 45.47898845
64000.00000000 45.41941160
64100.00000000 45.40493361
64200.00000000 45.35885186
64300.00000000 45.28927989
64400.00000000 45.24900496
64500.00000000 45.19099540
64600.00000000 45.13429270
64700.00000000 45.14470650
64800.00000000 45.19090950
64900.00000000 45.13090930
65000.00000000 45.09739192
65100.00000000 45.04943687
65200.00000000 44.99744565
65300.00000000 44.95802181
65400.00000000 44.93070161
65500.00000000 44.91977194
65600.00000000 44.95843134
65700.00000000 44.98840632
65800.00000000 44.94434346
65900.00000000 44.89717454
66000.00000000 44.83506741
66100.00000000 44.81130168
66200.00000000 44.78798159
66300.00000000 44.77150185
66400.00000000 44.77011596
66500.00000000 44.74620237
66600.00000000 44.72113571
66700.00000000 44.69064650
66800.00000000 44.65455430
66900.00000000 44.64930378
67000.00000000 44.58029041
67100.00000000 44.58809704
67200.00000000 44.59430450
67300.00000000 44.57792253
67400.00000000 44.53421119
67500.00000000 44.57184080
67600.00000000 44.58402030
67700.00000000 44.59612620
67800.00000000 44.60528849
67900.00000000 44.66584821
68000.00000000 44.69101400
68100.00000000 44.71456265
68200.00000000 44.80058185
68300.00000000 44.89716400
68400.00000000 44.97727324
68500.00000000 45.07258167
68600.00000000 45.05399112
68700.00000000 45.01278368
68800.00000000 44.96567358
68900.00000000 44.93792139
69000.00000000 44.89267030
69100.00000000 44.89852745
69200.00000000 44.93838029
69300.00000000 44.94857573
69400.00000000 44.94148234
69500.00000000 44.87591137
69600.00000000 44.84310159
69700.00000000 44.77848847
69800.00000000 44.74729309
69900.00000000 44.75099025
70000.00000000 44.71226150
70100.00000000 44.71199201
70200.00000000 44.65224871
70300.00000000 44.61983120
70400.00000000 44.57882787
70500.00000000 44.54064800
70600.00000000 44.50649558
70700.00000000 44.45829326
70800.00000000 44.48548264
70900.00000000 44.52935328
71000.00000000 44.51666599
71100.00000000 44.46186742
71200.00000000 44.44609399
71300.00000000 44.40691269
71400.00000000 44.36253725
71500.00000000 44.31758480
71600.00000000 44.27392497
71700.00000000 44.24524056
71800.00000000 44.22310910
71900.00000000 44.18617134
72000.00000000 44.16415878
72100.00000000 44.11489262
72200.00000000 44.05796246
72300.00000000 44.00836044
72400.00000000 43.99802480
72500.00000000 44.04361708
72600.00000000 44.10086032
72700.00000000 44.15088369
72800.00000000 44.14109210
72900.00000000 44.11731669
73000.00000000 44.08688800
73100.00000000 44.04131743
73200.00000000 44.02270132
73300.00000000 44.06325394
73400.00000000 44.13455349
73500.00000000 44.16441109
73600.00000000 44.19891511
73700.00000000 44.17742668
73800.00000000 44.16269887
73900.00000000 44.11417648
74000.00000000 44.09611629
74100.00000000 44.05200254
74200.00000000 44.03289707
74300.00000000 44.00476728
74400.00000000 43.97112891
74500.00000000 43.92844367
74600.00000000 43.92890892
74700.00000000 43.89644713
74800.00000000 43.88141424
74900.00000000 43.88437255
75000.00000000 43.91904366
75100.00000000 43.96542408
75200.00000000 43.98825742
75300.00000000 43.95955407
75400.00000000 44.04581912
75500.00000000 44.11130159
75600.00000000 44.19833270
75700.00000000 44.20558570
75800.00000000 44.29446388
75900.00000000 44.36714066
76000.00000000 44.39669906
76100.00000000 44.44741904
76200.00000000 44.46162771
76300.00000000 44.51097256
76400.00000000 44.56909642
76500.00000000 44.57389960
76600.00000000 44.58611249
76700.00000000 44.57172061
76800.00000000 44.56706454
76900.00000000 44.59012058
77000.00000000 44.56512920
77100.00000000 44.51348625
77200.00000000 44.48444585
77300.00000000 44.44746094
77400.00000000 44.41296296
77500.00000000 44.38929445
77600.00000000 44.40270090
77700.00000000 44.46377801
77800.00000000 44.52599921
77900.00000000 44.54597814
78000.00000000 44.57818837
78100.00000000 44.65904037
78200.00000000 44.74646944
78300.00000000 44.78139726
78400.00000000 44.74657709
78500.00000000 44.71133414
78600.00000000 44.74514944
78700.00000000 44.79031043
78800.00000000 44.79065169
78900.00000000 44.76545942
79000.00000000 44.72657524
79100.00000000 44.70331186
79200.00000000 44.71530906
79300.00000000 44.75936566
79400.00000000 44.82853645
79500.00000000 44.84469826
79600.00000000 44.81680024
79700.00000000 44.77765507
79800.00000000 44.77148138
79900.00000000 44.75987262
80000.00000000 44.78331615
80100.00000000 44.80807942
80200.00000000 44.74697074
80300.00000000 44.75588075
80400.00000000 44.72459547
80500.00000000 44.67482738
80600.00000000 44.64479738
80700.00000000 44.60491726
80800.00000000 44.58367796
80900.00000000 44.53356690
81000.00000000 44.50484879
81100.00000000 44.46091249
81200.00000000 44.42188576
81300.00000000 44.40220760
81400.00000000 44.36584442
81500.00000000 44.32715912
81600.00000000 44.27640569
81700.00000000 44.25104728
81800.00000000 44.20237848
81900.00000000 44.16847594
82000.00000000 44.13950136
82100.00000000 44.14866295
82200.00000000 44.19833236
82300.00000000 44.24088208
82400.00000000 44.30874497
82500.00000000 44.29410711
82600.00000000 44.26910593
82700.00000000 44.23091742
82800.00000000 44.18112375
82900.00000000 44.14127873
83000.00000000 44.10066599
83100.00000000 44.06529088
83200.00000000 44.01956261
83300.00000000 44.00095239
83400.00000000 43.96554664
83500.00000000 43.93740355
83600.00000000 43.89980084
83700.00000000 43.87358118
83800.00000000 43.83182514
83900.00000000 43.79219304
84000.00000000 43.76060760
84100.00000000 43.72602605
84200.00000000 43.69373073
84300.00000000 43.66579078
84400.00000000 43.63871413
84500.00000000 43.58843526
84600.00000000 43.62120364
84700.00000000 43.65493073
84800.00000000 43.63954444
84900.00000000 43.59425893
85000.00000000 43.54452804
85100.00000000 43.51353577
85200.00000000 43.53282022
85300.00000000 43.54719304
85400.00000000 43.58610858
85500.00000000 43.62456708
85600.00000000 43.63134461
85700.00000000 43.61136509
85800.00000000 43.58046241
85900.00000000 43.56063590
86000.00000000 43.51582330
86100.00000000 43.50015026
86200.00000000 43.47961234
86300.00000000 43.43162401
86400.00000000 43.41175767
86500.00000000 43.37948534
86600.00000000 43.35258732
86700.00000000 43.32222627
86800.00000000 43.27912109
86900.00000000 43.29158588
87000.00000000 43.28374459
87100.00000000 43.24616790
87200.00000000 43.22718147
87300.00000000 43.18572602
87400.00000000 43.15601648
87500.00000000 43.12004085
87600.00000000 43.13774612
87700.00000000 43.17559078
87800.00000000 43.18159677
87900.00000000 43.17194507
88000.00000000 43.19542861
88100.00000000 43.20573280
88200.00000000 43.17551944
88300.00000000 43.15007269
88400.00000000 43.13696864
88500.00000000 43.12996949
88600.00000000 43.11077204
88700.00000000 43.10986822
88800.00000000 43.08605704
88900.00000000 43.05951091
89000.00000000 43.02162089
89100.00000000 42.99601253
89200.00000000 42.96274711
89300.00000000 42.95466751
89400.00000000 42.92300568
89500.00000000 42.88038915
89600.00000000 42.86075234
89700.00000000 42.83091223
89800.00000000 42.83419108
89900.00000000 42.82374195
90000.00000000 42.83260203
90100.00000000 42.86994459
90200.00000000 42.91361820
90300.00000000 42.94974111
90400.00000000 42.94231938
90500.00000000 42.92718831
90600.00000000 42.89541506
90700.00000000 42.86351432
90800.00000000 42.82652070
90900.00000000 42.79498555
91000.00000000 42.76020051
91100.00000000 42.72713059
91200.00000000 42.68031118
91300.00000000 42.67687174
91400.00000000 42.66477771
91500.00000000 42.65718449
91600.00000000 42.68390777
91700.00000000 42.73365690
91800.00000000 42.79626402
91900.00000000 42.84578630
92000.00000000 42.80981201
92100.00000000 42.76970486
92200.00000000 42.75523733
92300.00000000 42.73827184
92400.00000000 42.73258403
92500.00000000 42.76144428
92600.00000000 42.79966491
92700.00000000 42.78511829
92800.00000000 42.76776156
92900.00000000 42.73343422
93000.00000000 42.75575114
93100.00000000 42.74788057
93200.00000000 42.76562059
93300.00000000 42.73596542
93400.00000000 42.72133783
93500.00000000 42.75583830
93600.00000000 42.79156583
93700.00000000 42.82063416
93800.00000000 42.86591674
93900.00000000 42.91198634
94000.00000000 42.90404376
94100.00000000 42.87924402
94200.00000000 42.85497435
94300.00000000 42.83092942
94400.00000000 42.80902360
94500.00000000 42.79517685
94600.00000000 42.76695610
94700.00000000 42.76035772
94800.00000000 42.76867675
94900.00000000 42.80201542
95000.00000000 42.83467467
95100.00000000 42.86258431
95200.00000000 42.91851716
95300.00000000 42.95809441
95400.00000000 42.98040154
95500.00000000 42.98357488
95600.00000000 42.95424854
95700.00000000 42.94287135
95800.00000000 42.90601046
95900.00000000 42.89192776
96000.00000000 42.86590397
96100.00000000 42.83193379
96200.00000000 42.79901849
96300.00000000 42.78631866
96400.00000000 42.77372923
96500.00000000 42.74647805
96600.00000000 42.71382648
96700.00000000 42.72078110
96800.00000000 42.70132684
96900.00000000 42.67532289
97000.00000000 42.70201317
97100.00000000 42.71711037
97200.00000000 42.74493529
97300.00000000 42.71928533
97400.00000000 42.72761728
97500.00000000 42.71347848
97600.00000000 42.67536370
97700.00000000 42.66267548
97800.00000000 42.64046846
97900.00000000 42.66171533
98000.00000000 42.65624131
98100.00000000 42.64142986
98200.00000000 42.61367527
98300.00000000 42.59007263
98400.00000000 42.56306973
98500.00000000 42.53505757
98600.00000000 42.50876525
98700.00000000 42.49002059
98800.00000000 42.47038206
98900.00000000 42.49937015
99000.00000000 42.51463600
99100.00000000 42.54524134
99200.00000000 42.54053188
99300.00000000 42.51811935
99400.00000000 42.48526326
99500.00000000 42.45762720
99600.00000000 42.41345085
99700.00000000 42.37382138
99800.00000000 42.34928923
99900.00000000 42.32978204
100000.00000000 42.30114382
