100.00000000 14.29212739
200.00000000 15.71408217
300.00000000 14.03815276
400.00000000 15.25975198
500.00000000 18.03250727
600.00000000 18.49405850
700.00000000 22.16717655
800.00000000 23.78242353
900.00000000 22.87169349
1000.00000000 21.28563435
1100.00000000 21.13703835
1200.00000000 19.86439599
1300.00000000 21.75808114
1400.00000000 26.13612366
1500.00000000 32.19130183
1600.00000000 34.62893122
1700.00000000 39.05490460
1800.00000000 43.47649955
1900.00000000 48.20513983
2000.00000000 54.26368198
2100.00000000 58.39625826
2200.00000000 63.36243762
2300.00000000 65.24486453
2400.00000000 67.53379238
2500.00000000 69.79537439
2600.00000000 74.34331374
2700.00000000 77.99294788
2800.00000000 81.06154457
2900.00000000 83.70787651
3000.00000000 86.73620581
3100.00000000 89.87805468
3200.00000000 91.06775812
3300.00000000 92.35194628
3400.00000000 92.48724486
3500.00000000 93.10163038
3600.00000000 94.17890276
3700.00000000 94.03344336
3800.00000000 95.27704307
3900.00000000 94.71223790
4000.00000000 94.72508598
4100.00000000 95.30995429
4200.00000000 95.98929150
4300.00000000 96.23376838
4400.00000000 96.25926003
4500.00000000 96.37632570
4600.00000000 96.71432328
4700.00000000 96.63398165
4800.00000000 96.13842969
4900.00000000 94.91407124
5000.00000000 93.23606758
5100.00000000 92.07104479
5200.00000000 91.09246426
5300.00000000 91.20307091
5400.00000000 91.19736899
5500.00000000 90.50935051
5600.00000000 89.10712431
5700.00000000 88.18354273
5800.00000000 87.82432862
5900.00000000 87.37751368
6000.00000000 86.87575999
6100.00000000 85.32099633
6200.00000000 85.20896620
6300.00000000 86.05752752
6400.00000000 87.62744612
6500.00000000 88.56172986
6600.00000000 89.27689347
6700.00000000 90.49932577
6800.00000000 92.20825809
6900.00000000 93.32501317
7000.00000000 94.54022789
7100.00000000 95.33447199
7200.00000000 96.79564638
7300.00000000 97.95351210
7400.00000000 98.13838884
7500.00000000 97.40128397
7600.00000000 96.71634759
7700.00000000 95.45508082
7800.00000000 94.78203982
7900.00000000 94.28186719
8000.00000000 94.29955723
8100.00000000 93.35487017
8200.00000000 92.61710012
8300.00000000 93.11623085
8400.00000000 94.39993235
8500.00000000 95.25918691
8600.00000000 95.86976021
8700.00000000 96.02470165
8800.00000000 95.80260233
8900.00000000 95.48552058
9000.00000000 94.92665831
9100.00000000 93.95411965
9200.00000000 93.48542794
9300.00000000 92.50376479
9400.00000000 92.56291095
9500.00000000 92.18497751
9600.00000000 91.96608883
9700.00000000 91.52880639
9800.00000000 91.50161525
9900.00000000 91.86343045
10000.00000000 91.49369098
10100.00000000 91.13607688
10200.00000000 90.83228558
10300.00000000 90.45000548
10400.00000000 89.67885153
10500.00000000 88.81413085
10600.00000000 88.30939735
10700.00000000 87.76817460
10800.00000000 87.52720867
10900.00000000 86.50158349
11000.00000000 85.80283207
11100.00000000 85.18984814
11200.00000000 84.65945710
11300.00000000 84.10308774
11400.00000000 83.31333843
11500.00000000 82.76682351
11600.00000000 82.40648410
11700.00000000 82.06229219
11800.00000000 81.55017913
11900.00000000 80.92616921
12000.00000000 80.16591414
12100.00000000 79.87441961
12200.00000000 79.48321178
12300.00000000 78.87348882
12400.00000000 78.34699291
12500.00000000 78.04643137
12600.00000000 77.57322424
12700.00000000 76.93175773
12800.00000000 76.61529589
12900.00000000 76.40029866
13000.00000000 76.09915646
13100.00000000 75.59061578
13200.00000000 75.32763941
13300.00000000 74.95231752
13400.00000000 74.49900469
13500.00000000 73.99143361
13600.00000000 73.67518692
13700.00000000 73.32361055
13800.00000000 73.10774049
13900.00000000 73.00602522
14000.00000000 72.89519301
14100.00000000 72.74758098
14200.00000000 72.94737092
14300.00000000 73.05333689
14400.00000000 73.14063667
14500.00000000 73.49258526
14600.00000000 74.06379136
14700.00000000 74.88522068
14800.00000000 75.65938877
14900.00000000 76.08169403
15000.00000000 76.41454405
15100.00000000 76.72963497
15200.00000000 76.83268887
15300.00000000 76.87289129
15400.00000000 77.02390662
15500.00000000 77.02431351
15600.00000000 77.06670633
15700.00000000 77.05949851
15800.00000000 76.93431331
15900.00000000 76.61237232
16000.00000000 76.13547698
16100.00000000 75.84438438
16200.00000000 75.58680637
16300.00000000 75.48414512
16400.00000000 75.24511987
16500.00000000 74.96142206
16600.00000000 74.87048216
16700.00000000 74.93275327
16800.00000000 74.96867875
16900.00000000 75.46793663
17000.00000000 76.03438972
17100.00000000 76.86008086
17200.00000000 77.48028378
17300.00000000 77.98507734
17400.00000000 78.99016117
17500.00000000 80.11729011
17600.00000000 81.21657815
17700.00000000 82.55298733
17800.00000000 83.80201235
17900.00000000 85.06193597
18000.00000000 86.17341392
18100.00000000 87.29912175
18200.00000000 88.50639625
18300.00000000 89.70261659
18400.00000000 91.22387113
18500.00000000 92.74749950
18600.00000000 94.22470766
18700.00000000 95.57538535
18800.00000000 96.63798300
18900.00000000 97.72022351
19000.00000000 98.68168452
19100.00000000 99.80194398
19200.00000000 100.82965182
19300.00000000 101.84501004
19400.00000000 102.73711337
19500.00000000 103.50928111
19600.00000000 104.29895118
19700.00000000 105.04021471
19800.00000000 105.47581187
19900.00000000 105.80075624
20000.00000000 106.29823976
20100.00000000 106.78154343
20200.00000000 107.19199975
20300.00000000 107.62078965
20400.00000000 107.93855350
20500.00000000 107.90716257
20600.00000000 107.86865777
20700.00000000 107.95696961
20800.00000000 108.07405451
20900.00000000 108.16668708
21000.00000000 108.03534929
21100.00000000 107.62587202
21200.00000000 107.84738603
21300.00000000 107.56928819
21400.00000000 107.25266178
21500.00000000 106.89093554
21600.00000000 106.54655426
21700.00000000 106.06572684
21800.00000000 105.59765490
21900.00000000 105.32964802
22000.00000000 105.00019670
22100.00000000 104.62432553
22200.00000000 104.40247483
22300.00000000 104.15194950
22400.00000000 103.67679917
22500.00000000 103.29568909
22600.00000000 103.16139012
22700.00000000 102.96754064
22800.00000000 102.86149645
22900.00000000 102.87577537
23000.00000000 102.90907910
23100.00000000 103.01160924
23200.00000000 102.90495347
23300.00000000 102.76456425
23400.00000000 102.52481764
23500.00000000 102.37931917
23600.00000000 102.19073078
23700.00000000 101.98523195
23800.00000000 101.79143393
23900.00000000 101.51046858
24000.00000000 101.15817167
24100.00000000 100.89350080
24200.00000000 100.66188441
24300.00000000 100.42117110
24400.00000000 99.94542616
24500.00000000 99.72878193
24600.00000000 99.34167840
24700.00000000 98.98439026
24800.00000000 98.69395157
24900.00000000 98.38917002
25000.00000000 98.42894895
25100.00000000 98.39078686
25200.00000000 98.16219826
25300.00000000 98.00404662
25400.00000000 97.81368630
25500.00000000 97.43566346
25600.00000000 97.33638993
25700.00000000 97.04874998
25800.00000000 96.68158896
25900.00000000 96.47457884
26000.00000000 96.25248029
26100.00000000 96.02810190
26200.00000000 95.96596783
26300.00000000 95.75232728
26400.00000000 95.51376983
26500.00000000 95.32459274
26600.00000000 95.21654031
26700.00000000 94.99607795
26800.00000000 94.69323041
26900.00000000 94.42371954
27000.00000000 94.07761835
27100.00000000 93.74680976
27200.00000000 93.46101924
27300.00000000 93.25900358
27400.00000000 92.99744630
27500.00000000 92.85564435
27600.00000000 92.71472723
27700.00000000 92.42737338
27800.00000000 92.31778358
27900.00000000 92.35269887
28000.00000000 91.98015242
28100.00000000 91.73089026
28200.00000000 91.44616705
28300.00000000 91.37794347
28400.00000000 91.15647606
28500.00000000 90.85796463
28600.00000000 90.56481715
28700.00000000 90.33348034
28800.00000000 90.01069657
28900.00000000 89.83459527
29000.00000000 89.81846712
29100.00000000 89.59441365
29200.00000000 89.38195948
29300.00000000 89.16431675
29400.00000000 88.91598989
29500.00000000 88.66867130
29600.00000000 88.50666571
29700.00000000 88.27118208
29800.00000000 88.06040437
29900.00000000 87.76092079
30000.00000000 87.67733097
30100.00000000 87.57043430
30200.00000000 87.62725057
30300.00000000 87.85712092
30400.00000000 87.98430100
30500.00000000 87.95261010
30600.00000000 87.96587733
30700.00000000 88.05270537
30800.00000000 88.00145370
30900.00000000 88.03168924
31000.00000000 88.04613002
31100.00000000 88.03349124
31200.00000000 87.94850655
31300.00000000 87.86318059
31400.00000000 87.70938341
31500.00000000 87.66331394
31600.00000000 87.76435773
31700.00000000 87.84059796
31800.00000000 87.83684716
31900.00000000 87.76711794
32000.00000000 87.66184258
32100.00000000 87.40403240
32200.00000000 87.24668278
32300.00000000 87.02831709
32400.00000000 86.86313216
32500.00000000 86.65028923
32600.00000000 86.35781156
32700.00000000 86.16441073
32800.00000000 85.99408319
32900.00000000 85.85078857
33000.00000000 85.68350043
33100.00000000 85.40597604
33200.00000000 85.23647468
33300.00000000 85.10795182
33400.00000000 84.89243934
33500.00000000 84.62996427
33600.00000000 84.42490687
33700.00000000 84.26533619
33800.00000000 84.05631340
33900.00000000 83.86811172
34000.00000000 83.67210232
34100.00000000 83.57831509
34200.00000000 83.50195583
34300.00000000 83.44256525
34400.00000000 83.45868252
34500.00000000 83.34937582
34600.00000000 83.37041340
34700.00000000 83.34560496
34800.00000000 83.48412301
34900.00000000 83.68079831
35000.00000000 83.75401402
35100.00000000 83.81697617
35200.00000000 84.01345739
35300.00000000 84.26893478
35400.00000000 84.33139608
35500.00000000 84.63450755
35600.00000000 84.86411345
35700.00000000 85.21264528
35800.00000000 85.55380143
35900.00000000 85.81935526
36000.00000000 86.08566418
36100.00000000 86.29341244
36200.00000000 86.49436773
36300.00000000 86.75277191
36400.00000000 86.88099495
36500.00000000 87.12015728
36600.00000000 87.45294429
36700.00000000 87.64961405
36800.00000000 87.83728600
36900.00000000 88.02555891
37000.00000000 88.18724207
37100.00000000 88.49736432
37200.00000000 88.67651211
37300.00000000 88.88294419
37400.00000000 89.07098000
37500.00000000 89.17847908
37600.00000000 89.36926753
37700.00000000 89.67957858
37800.00000000 89.93985260
37900.00000000 90.12956590
38000.00000000 90.49584304
38100.00000000 90.94979115
38200.00000000 91.32478003
38300.00000000 91.87288835
38400.00000000 92.38522432
38500.00000000 92.98639429
38600.00000000 93.65779831
38700.00000000 94.22453250
38800.00000000 94.77490673
38900.00000000 95.28982800
39000.00000000 95.93758747
39100.00000000 96.43676137
39200.00000000 96.86598775
39300.00000000 97.34917532
39400.00000000 97.78043645
39500.00000000 98.20168124
39600.00000000 98.77855741
39700.00000000 99.21071257
39800.00000000 99.58983752
39900.00000000 99.88227006
40000.00000000 100.21193682
40100.00000000 100.52319566
40200.00000000 100.58229184
40300.00000000 100.69704183
40400.00000000 100.77496678
40500.00000000 100.83847707
40600.00000000 101.01069217
40700.00000000 101.04344302
40800.00000000 100.95840698
40900.00000000 100.99508978
41000.00000000 101.02882753
41100.00000000 101.00979691
41200.00000000 100.95954363
41300.00000000 100.85982484
41400.00000000 100.73340256
41500.00000000 100.43620937
41600.00000000 100.34714642
41700.00000000 100.32280763
41800.00000000 100.19134035
41900.00000000 100.13957807
42000.00000000 99.99698523
42100.00000000 99.90704034
42200.00000000 99.82927860
42300.00000000 99.75007935
42400.00000000 99.62922285
42500.00000000 99.58584501
42600.00000000 99.51113191
42700.00000000 99.50077755
42800.00000000 99.48383616
42900.00000000 99.54559494
43000.00000000 99.57875594
43100.00000000 99.51264648
43200.00000000 99.34561332
43300.00000000 99.15903592
43400.00000000 99.10884430
43500.00000000 98.92584735
43600.00000000 98.82365416
43700.00000000 98.77397731
43800.00000000 98.68692446
43900.00000000 98.71449714
44000.00000000 98.70172549
44100.00000000 98.52050965
44200.00000000 98.38706880
44300.00000000 98.27488561
44400.00000000 98.23732380
44500.00000000 98.19042359
44600.00000000 98.04034560
44700.00000000 97.87973581
44800.00000000 97.74297335
44900.00000000 97.58186198
45000.00000000 97.40435778
45100.00000000 97.24008359
45200.00000000 97.05615400
45300.00000000 96.96783129
45400.00000000 96.86344299
45500.00000000 96.68899178
45600.00000000 96.46989995
45700.00000000 96.28711425
45800.00000000 96.17775332
45900.00000000 96.12554543
46000.00000000 96.08218929
46100.00000000 95.88183387
46200.00000000 95.79620441
46300.00000000 95.65881484
46400.00000000 95.53114195
46500.00000000 95.36256735
46600.00000000 95.23038232
46700.00000000 95.10774330
46800.00000000 95.03186766
46900.00000000 95.15938626
47000.00000000 95.23697147
47100.00000000 95.49973373
47200.00000000 95.80960229
47300.00000000 96.15234455
47400.00000000 96.39994010
47500.00000000 96.62886562
47600.00000000 96.96110543
47700.00000000 97.26806137
47800.00000000 97.60696549
47900.00000000 97.81854960
48000.00000000 98.03134724
48100.00000000 98.35102226
48200.00000000 98.53018251
48300.00000000 98.68883366
48400.00000000 98.87975258
48500.00000000 98.94430477
48600.00000000 99.09190103
48700.00000000 99.36380925
48800.00000000 99.68713213
48900.00000000 99.97953130
49000.00000000 100.23002887
49100.00000000 100.36586357
49200.00000000 100.58825028
49300.00000000 100.72127572
49400.00000000 100.82182677
49500.00000000 100.80124464
49600.00000000 100.79533743
49700.00000000 100.78886364
49800.00000000 100.77358916
49900.00000000 100.65674902
50000.00000000 100.51484863
50100.00000000 100.35639760
50200.00000000 100.18774983
50300.00000000 100.07776179
50400.00000000 99.92099447
50500.00000000 99.73528578
50600.00000000 99.67355470
50700.00000000 99.45018323
50800.00000000 99.31914603
50900.00000000 99.11178233
51000.00000000 99.03246046
51100.00000000 98.87987782
51200.00000000 98.76524233
51300.00000000 98.62142777
51400.00000000 98.44836510
51500.00000000 98.27232318
51600.00000000 98.11051567
51700.00000000 98.08371935
51800.00000000 98.08926440
51900.00000000 98.07158627
52000.00000000 97.98803579
52100.00000000 97.93072763
52200.00000000 97.91798432
52300.00000000 97.84298458
52400.00000000 97.71342661
52500.00000000 97.49015482
52600.00000000 97.43821750
52700.00000000 97.42620590
52800.00000000 97.36578726
52900.00000000 97.29511180
53000.00000000 97.24693372
53100.00000000 97.17806413
53200.00000000 97.20401215
53300.00000000 97.17305020
53400.00000000 97.16862299
53500.00000000 97.07270191
53600.00000000 97.01602418
53700.00000000 96.99663456
53800.00000000 96.92880414
53900.00000000 96.79239970
54000.00000000 96.68584593
54100.00000000 96.52640923
54200.00000000 96.36241998
54300.00000000 96.22276498
54400.00000000 96.06318861
54500.00000000 96.02516206
54600.00000000 96.05190611
54700.00000000 96.03821380
54800.00000000 95.97979956
54900.00000000 95.84064619
55000.00000000 95.72116856
55100.00000000 95.63221174
55200.00000000 95.48456671
55300.00000000 95.34214362
55400.00000000 95.28593982
55500.00000000 95.14645158
55600.00000000 95.03935595
55700.00000000 94.91657762
55800.00000000 94.98898026
55900.00000000 95.11663706
56000.00000000 95.31769930
56100.00000000 95.55719492
56200.00000000 95.84822225
56300.00000000 96.14674809
56400.00000000 96.38018342
56500.00000000 96.68594296
56600.00000000 97.00420921
56700.00000000 97.25328453
56800.00000000 97.54897133
56900.00000000 97.92820886
57000.00000000 98.28334814
57100.00000000 98.73354513
57200.00000000 99.12986163
57300.00000000 99.50165507
57400.00000000 99.80846035
57500.00000000 99.99359503
57600.00000000 100.18194817
57700.00000000 100.44712319
57800.00000000 100.65872540
57900.00000000 100.94138116
58000.00000000 101.20726803
58100.00000000 101.61288160
58200.00000000 101.93920091
58300.00000000 102.37648958
58400.00000000 102.72090351
58500.00000000 102.95038422
58600.00000000 103.16308508
58700.00000000 103.36277783
58800.00000000 103.61805191
58900.00000000 103.91573137
59000.00000000 104.23195506
59100.00000000 104.40353895
59200.00000000 104.64455028
59300.00000000 104.93469520
59400.00000000 105.19505330
59500.00000000 105.46273328
59600.00000000 105.73314888
59700.00000000 105.99510351
59800.00000000 106.21060021
59900.00000000 106.33138795
60000.00000000 106.44854583
60100.00000000 106.64659142
60200.00000000 106.94954862
60300.00000000 107.17992925
60400.00000000 107.31984333
60500.00000000 107.52509533
60600.00000000 107.81032587
60700.00000000 108.00277991
60800.00000000 108.36207780
60900.00000000 108.69172612
61000.00000000 108.99988369
61100.00000000 109.26576666
61200.00000000 109.47773194
61300.00000000 109.68631732
61400.00000000 109.94630351
61500.00000000 110.22442173
61600.00000000 110.47232415
61700.00000000 110.66520422
61800.00000000 110.92781520
61900.00000000 111.11071525
62000.00000000 111.37419474
62100.00000000 111.61747423
62200.00000000 111.79815904
62300.00000000 111.91827338
62400.00000000 112.14018074
62500.00000000 112.23523351
62600.00000000 112.27404852
62700.00000000 112.41732661
62800.00000000 112.44399512
62900.00000000 112.37360184
63000.00000000 112.35054955
63100.00000000 112.32478077
63200.00000000 112.17957954
63300.00000000 112.10043180
63400.00000000 112.01904319
63500.00000000 111.94461332
63600.00000000 111.86899582
63700.00000000 111.74716949
63800.00000000 111.60243202
63900.00000000 111.47632335
64000.00000000 111.35059700
64100.00000000 111.18477150
64200.00000000 111.05130776
64300.00000000 110.96954281
64400.00000000 110.85940168
64500.00000000 110.81869365
64600.00000000 110.72359773
64700.00000000 110.65755695
64800.00000000 110.51321136
64900.00000000 110.46469193
65000.00000000 110.42252399
65100.00000000 110.29803094
65200.00000000 110.15564927
65300.00000000 109.97653129
65400.00000000 109.88714020
65500.00000000 109.76680591
65600.00000000 109.59950401
65700.00000000 109.46161559
65800.00000000 109.31316824
65900.00000000 109.16159115
66000.00000000 109.00939706
66100.00000000 108.92564819
66200.00000000 108.85667530
66300.00000000 108.76772165
66400.00000000 108.62442696
66500.00000000 108.50866032
66600.00000000 108.39926873
66700.00000000 108.29036344
66800.00000000 108.12941136
66900.00000000 108.00699156
67000.00000000 107.96182680
67100.00000000 107.84127170
67200.00000000 107.68888636
67300.00000000 107.51893471
67400.00000000 107.44745165
67500.00000000 107.34377995
67600.00000000 107.16818018
67700.00000000 107.03545711
67800.00000000 106.87999975
67900.00000000 106.81770299
68000.00000000 106.85904486
68100.00000000 106.79858474
68200.00000000 106.65967179
68300.00000000 106.49721634
68400.00000000 106.38995825
68500.00000000 106.27819425
68600.00000000 106.11387401
68700.00000000 106.05679610
68800.00000000 105.91683899
68900.00000000 105.81977241
69000.00000000 105.72799792
69100.00000000 105.65262055
69200.00000000 105.60745685
69300.00000000 105.52556860
69400.00000000 105.39005538
69500.00000000 105.37317041
69600.00000000 105.35617115
69700.00000000 105.29355927
69800.00000000 105.26717295
69900.00000000 105.20355842
70000.00000000 105.13535768
70100.00000000 104.99652202
70200.00000000 104.85938440
70300.00000000 104.79211703
70400.00000000 104.84200546
70500.00000000 104.73794930
70600.00000000 104.61181110
70700.00000000 104.52205769
70800.00000000 104.49258849
70900.00000000 104.37965755
71000.00000000 104.26666613
71100.00000000 104.19791005
71200.00000000 104.13540864
71300.00000000 104.07824380
71400.00000000 104.05150128
71500.00000000 104.02454145
71600.00000000 103.97521224
71700.00000000 103.93377705
71800.00000000 103.96215930
71900.00000000 104.09522038
72000.00000000 104.24839404
72100.00000000 104.32155014
72200.00000000 104.54144250
72300.00000000 104.79997551
72400.00000000 105.07440045
72500.00000000 105.30411962
72600.00000000 105.49251069
72700.00000000 105.68822221
72800.00000000 105.86667761
72900.00000000 105.98287303
73000.00000000 106.04905821
73100.00000000 106.11471081
73200.00000000 106.25906493
73300.00000000 106.37858448
73400.00000000 106.55765879
73500.00000000 106.77867212
73600.00000000 106.98632048
73700.00000000 107.17299651
73800.00000000 107.31772462
73900.00000000 107.42038890
74000.00000000 107.58437551
74100.00000000 107.67191050
74200.00000000 107.69391834
74300.00000000 107.69467966
74400.00000000 107.73459010
74500.00000000 107.72393026
74600.00000000 107.56832071
74700.00000000 107.60902375
74800.00000000 107.57887343
74900.00000000 107.61754278
75000.00000000 107.60470689
75100.00000000 107.67473304
75200.00000000 107.70559545
75300.00000000 107.71050346
75400.00000000 107.69927826
75500.00000000 107.66165560
75600.00000000 107.62270777
75700.00000000 107.60947929
75800.00000000 107.53000418
75900.00000000 107.43221660
76000.00000000 107.32612926
76100.00000000 107.17947091
76200.00000000 107.14117402
76300.00000000 107.04031220
76400.00000000 106.94518580
76500.00000000 106.79556255
76600.00000000 106.71586388
76700.00000000 106.61373654
76800.00000000 106.51585486
76900.00000000 106.40925943
77000.00000000 106.28009104
77100.00000000 106.22380385
77200.00000000 106.13162727
77300.00000000 106.03714018
77400.00000000 105.94616427
77500.00000000 105.80838343
77600.00000000 105.72283002
77700.00000000 105.61200203
77800.00000000 105.49231590
77900.00000000 105.37427624
78000.00000000 105.21861229
78100.00000000 105.24305182
78200.00000000 105.25671041
78300.00000000 105.28494980
78400.00000000 105.24400102
78500.00000000 105.18982329
78600.00000000 105.11153219
78700.00000000 104.98972264
78800.00000000 104.88577132
78900.00000000 104.78193572
79000.00000000 104.68598678
79100.00000000 104.56526031
79200.00000000 104.45182088
79300.00000000 104.32138504
79400.00000000 104.18284900
79500.00000000 104.11128316
79600.00000000 104.04893948
79700.00000000 103.93085247
79800.00000000 103.81053397
79900.00000000 103.69795161
80000.00000000 103.56801740
80100.00000000 103.47182070
80200.00000000 103.34225464
80300.00000000 103.26216700
80400.00000000 103.16066782
80500.00000000 103.05504395
80600.00000000 102.95509263
80700.00000000 102.81655032
80800.00000000 102.71690229
80900.00000000 102.64296941
81000.00000000 102.58866471
81100.00000000 102.48993291
81200.00000000 102.40123822
81300.00000000 102.28581253
81400.00000000 102.25577065
81500.00000000 102.28871631
81600.00000000 102.27638822
81700.00000000 102.26608551
81800.00000000 102.26211035
81900.00000000 102.30471657
82000.00000000 102.24993829
82100.00000000 102.30611410
82200.00000000 102.28649352
82300.00000000 102.24647199
82400.00000000 102.21218934
82500.00000000 102.12465276
82600.00000000 102.02507180
82700.00000000 101.93376478
82800.00000000 101.82126990
82900.00000000 101.68074952
83000.00000000 101.62606035
83100.00000000 101.50922956
83200.00000000 101.44052998
83300.00000000 101.31587496
83400.00000000 101.28159295
83500.00000000 101.24672107
83600.00000000 101.25950391
83700.00000000 101.21549467
83800.00000000 101.17364142
83900.00000000 101.12489916
84000.00000000 101.12347478
84100.00000000 101.03902590
84200.00000000 100.94786653
84300.00000000 100.80385035
84400.00000000 100.73748617
84500.00000000 100.62254138
84600.00000000 100.54742056
84700.00000000 100.45462836
84800.00000000 100.34509592
84900.00000000 100.26804508
85000.00000000 100.15754225
85100.00000000 100.08295483
85200.00000000 99.98575009
85300.00000000 99.90152094
85400.00000000 99.82714769
85500.00000000 99.75174430
85600.00000000 99.63607498
85700.00000000 99.53773227
85800.00000000 99.45448846
85900.00000000 99.37121504
86000.00000000 99.29095267
86100.00000000 99.17336660
86200.00000000 99.16247197
86300.00000000 99.18970554
86400.00000000 99.25529193
86500.00000000 99.26497264
86600.00000000 99.30258681
86700.00000000 99.41125679
86800.00000000 99.45749922
86900.00000000 99.47570898
87000.00000000 99.51137033
87100.00000000 99.56403754
87200.00000000 99.60228902
87300.00000000 99.66339829
87400.00000000 99.76793158
87500.00000000 99.83889165
87600.00000000 99.94031842
87700.00000000 100.02080558
87800.00000000 100.09662917
87900.00000000 100.27739669
88000.00000000 100.46647214
88100.00000000 100.63030594
88200.00000000 100.77076777
88300.00000000 100.85334568
88400.00000000 100.93711657
88500.00000000 101.03218829
88600.00000000 101.11221059
88700.00000000 101.24369571
88800.00000000 101.43414597
88900.00000000 101.56574446
89000.00000000 101.79040472
89100.00000000 101.96405022
89200.00000000 102.20278802
89300.00000000 102.47760387
89400.00000000 102.69021067
89500.00000000 102.81777951
89600.00000000 102.94415640
89700.00000000 103.09828846
89800.00000000 103.24489580
89900.00000000 103.30397241
90000.00000000 103.39440545
90100.00000000 103.40312533
90200.00000000 103.38597862
90300.00000000 103.37425850
90400.00000000 103.38370279
90500.00000000 103.42121774
90600.00000000 103.45114317
90700.00000000 103.44770571
90800.00000000 103.46651115
90900.00000000 103.55679411
91000.00000000 103.66441829
91100.00000000 103.72316324
91200.00000000 103.79005057
91300.00000000 103.89053858
91400.00000000 103.97179045
91500.00000000 103.98287887
91600.00000000 103.96624649
91700.00000000 103.94346740
91800.00000000 103.80529954
91900.00000000 103.79805906
92000.00000000 103.71723050
92100.00000000 103.63657634
92200.00000000 103.52413670
92300.00000000 103.44595356
92400.00000000 103.35098586
92500.00000000 103.25802316
92600.00000000 103.18849163
92700.00000000 103.22663013
92800.00000000 103.21728305
92900.00000000 103.21058025
93000.00000000 103.17217228
93100.00000000 103.09148138
93200.00000000 103.03895327
93300.00000000 102.92106878
93400.00000000 102.82340010
93500.00000000 102.77340695
93600.00000000 102.66784543
93700.00000000 102.63822945
93800.00000000 102.55893214
93900.00000000 102.50990105
94000.00000000 102.44467521
94100.00000000 102.34583486
94200.00000000 102.24380926
94300.00000000 102.13018179
94400.00000000 102.03124056
94500.00000000 101.97311935
94600.00000000 101.90082219
94700.00000000 101.81962388
94800.00000000 101.73936755
94900.00000000 101.67944625
95000.00000000 101.56419383
95100.00000000 101.49825130
95200.00000000 101.50890847
95300.00000000 101.47393954
95400.00000000 101.45488815
95500.00000000 101.39478874
95600.00000000 101.42212191
95700.00000000 101.49739280
95800.00000000 101.57244263
95900.00000000 101.60956935
96000.00000000 101.56832870
96100.00000000 101.51425923
96200.00000000 101.54882218
96300.00000000 101.50425595
96400.00000000 101.42724337
96500.00000000 101.35802439
96600.00000000 101.28418816
96700.00000000 101.22449183
96800.00000000 101.12664706
96900.00000000 101.07957661
97000.00000000 101.00470726
97100.00000000 100.90862160
97200.00000000 100.85195394
97300.00000000 100.79895422
97400.00000000 100.81230607
97500.00000000 100.79126422
97600.00000000 100.80550650
97700.00000000 100.73063613
97800.00000000 100.69062758
97900.00000000 100.61998670
98000.00000000 100.57952582
98100.00000000 100.48536422
98200.00000000 100.41273318
98300.00000000 100.40241728
98400.00000000 100.36356725
98500.00000000 100.32906516
98600.00000000 100.31265121
98700.00000000 100.33115510
98800.00000000 100.38046483
98900.00000000 100.40996464
99000.00000000 100.37428387
99100.00000000 100.40528139
99200.00000000 100.48794028
99300.00000000 100.49508198
99400.00000000 100.46461316
99500.00000000 100.45715143
99600.00000000 100.45656091
99700.00000000 100.49139789
99800.00000000 100.51954426
99900.00000000 100.57432978
100000.00000000 100.62507583
