100.00000000 24.20214057
200.00000000 28.89638861
300.00000000 20.64616647
400.00000000 19.70026724
500.00000000 25.32286630
600.00000000 27.05465888
700.00000000 31.83103108
800.00000000 38.22885283
900.00000000 42.58189417
1000.00000000 46.94068374
1100.00000000 55.36594482
1200.00000000 58.41926260
1300.00000000 62.03394952
1400.00000000 62.33744404
1500.00000000 61.44513306
1600.00000000 66.06892821
1700.00000000 69.83287027
1800.00000000 75.00543108
1900.00000000 80.44727527
2000.00000000 85.17830241
2100.00000000 87.79397137
2200.00000000 94.25944869
2300.00000000 98.26642105
2400.00000000 98.92985273
2500.00000000 97.36582249
2600.00000000 98.24478008
2700.00000000 98.74620555
2800.00000000 101.80981973
2900.00000000 102.84015867
3000.00000000 102.03454129
3100.00000000 101.18852983
3200.00000000 102.64023237
3300.00000000 102.54436951
3400.00000000 102.15762173
3500.00000000 103.22538625
3600.00000000 103.24015122
3700.00000000 103.53121027
3800.00000000 104.34524713
3900.00000000 102.53811950
4000.00000000 102.53570984
4100.00000000 103.81162433
4200.00000000 106.01582700
4300.00000000 106.84340546
4400.00000000 106.96700872
4500.00000000 107.38279688
4600.00000000 107.18627529
4700.00000000 105.95388458
4800.00000000 105.02412454
4900.00000000 103.62366583
5000.00000000 102.12167300
5100.00000000 99.96210417
5200.00000000 98.94052535
5300.00000000 98.40983775
5400.00000000 97.84042300
5500.00000000 97.07422811
5600.00000000 96.07866435
5700.00000000 94.73341749
5800.00000000 93.42420109
5900.00000000 92.29797039
6000.00000000 91.15408865
6100.00000000 90.65391649
6200.00000000 89.14704170
6300.00000000 88.76796683
6400.00000000 88.94799458
6500.00000000 89.49715594
6600.00000000 89.44727136
6700.00000000 89.62521033
6800.00000000 89.71893761
6900.00000000 90.32204818
7000.00000000 90.47742254
7100.00000000 90.36799521
7200.00000000 89.49422436
7300.00000000 88.80064781
7400.00000000 88.28260667
7500.00000000 87.34298246
7600.00000000 86.19314761
7700.00000000 85.28890843
7800.00000000 84.57971465
7900.00000000 83.54433285
8000.00000000 83.03386746
8100.00000000 82.25550985
8200.00000000 81.21990781
8300.00000000 81.26303239
8400.00000000 81.74745798
8500.00000000 81.64527550
8600.00000000 81.57120463
8700.00000000 81.13597156
8800.00000000 80.22312241
8900.00000000 79.41163119
9000.00000000 78.87848890
9100.00000000 78.25022202
9200.00000000 77.90997859
9300.00000000 77.30577513
9400.00000000 76.74894440
9500.00000000 76.34164250
9600.00000000 75.81056850
9700.00000000 75.32321848
9800.00000000 74.54016068
9900.00000000 74.23850277
10000.00000000 73.53700527
10100.00000000 73.30542053
10200.00000000 73.48410980
10300.00000000 73.25886137
10400.00000000 73.42496325
10500.00000000 73.71594787
10600.00000000 74.21307593
10700.00000000 74.71918337
10800.00000000 74.89114194
10900.00000000 75.31079533
11000.00000000 75.91191656
11100.00000000 76.01909451
11200.00000000 76.72534781
11300.00000000 77.85443981
11400.00000000 79.08355673
11500.00000000 80.42769383
11600.00000000 81.55015446
11700.00000000 82.81720790
11800.00000000 83.68158059
11900.00000000 84.70370497
12000.00000000 85.35240646
12100.00000000 85.58956664
12200.00000000 85.70740168
12300.00000000 85.18767958
12400.00000000 84.54130230
12500.00000000 84.06194066
12600.00000000 83.56237958
12700.00000000 83.09342926
12800.00000000 82.66338881
12900.00000000 82.03525101
13000.00000000 81.64521348
13100.00000000 81.06065191
13200.00000000 80.74979040
13300.00000000 80.25046537
13400.00000000 79.97293186
13500.00000000 80.45824450
13600.00000000 80.72558238
13700.00000000 81.08350293
13800.00000000 81.04547492
13900.00000000 81.18595324
14000.00000000 81.15626435
14100.00000000 81.32506407
14200.00000000 81.47618354
14300.00000000 81.36224823
14400.00000000 81.27877469
14500.00000000 81.48859443
14600.00000000 81.53241417
14700.00000000 81.27793561
14800.00000000 80.88359113
14900.00000000 80.43988343
15000.00000000 80.36839344
15100.00000000 80.30930924
15200.00000000 80.49624334
15300.00000000 80.78198208
15400.00000000 80.94982360
15500.00000000 81.07315691
15600.00000000 81.54636912
15700.00000000 82.36748927
15800.00000000 83.09814806
15900.00000000 83.66848627
16000.00000000 84.16549121
16100.00000000 84.71334128
16200.00000000 85.11303386
16300.00000000 85.86831696
16400.00000000 86.36111280
16500.00000000 86.69205447
16600.00000000 87.14322233
16700.00000000 87.46077663
16800.00000000 87.82168843
16900.00000000 87.97727016
17000.00000000 88.16841632
17100.00000000 88.26937299
17200.00000000 88.32934641
17300.00000000 88.28792877
17400.00000000 88.62483303
17500.00000000 88.90003657
17600.00000000 88.76678474
17700.00000000 89.00694853
17800.00000000 89.52967924
17900.00000000 89.86760263
18000.00000000 90.77613990
18100.00000000 91.64873390
18200.00000000 92.75078887
18300.00000000 93.85495839
18400.00000000 94.76237827
18500.00000000 95.71440377
18600.00000000 96.47560562
18700.00000000 97.31058397
18800.00000000 98.45448471
18900.00000000 99.94618532
19000.00000000 101.08182824
19100.00000000 102.18486708
19200.00000000 102.86592631
19300.00000000 103.88443619
19400.00000000 104.79450039
19500.00000000 105.54357699
19600.00000000 106.24707635
19700.00000000 106.52523948
19800.00000000 107.17228990
19900.00000000 107.89284437
20000.00000000 108.76474134
20100.00000000 109.74256982
20200.00000000 110.91539338
20300.00000000 112.41293830
20400.00000000 114.09874805
20500.00000000 115.54146070
20600.00000000 116.63280367
20700.00000000 117.89317421
20800.00000000 119.11738769
20900.00000000 120.26193062
21000.00000000 121.07838174
21100.00000000 122.19028353
21200.00000000 123.22494562
21300.00000000 124.07301966
21400.00000000 125.35072686
21500.00000000 126.55957376
21600.00000000 127.96192798
21700.00000000 129.08338269
21800.00000000 130.31329588
21900.00000000 131.49269941
22000.00000000 132.78246231
22100.00000000 133.81911453
22200.00000000 135.00803967
22300.00000000 136.46253011
22400.00000000 137.51433645
22500.00000000 138.50717991
22600.00000000 139.84224884
22700.00000000 140.81615671
22800.00000000 141.61740181
22900.00000000 142.60459654
23000.00000000 143.59433200
23100.00000000 144.46488085
23200.00000000 145.36453811
23300.00000000 146.56878144
23400.00000000 147.55507048
23500.00000000 148.42610099
23600.00000000 149.61682683
23700.00000000 150.80523226
23800.00000000 151.47428309
23900.00000000 151.79233713
24000.00000000 152.08338888
24100.00000000 152.75917257
24200.00000000 153.75140669
24300.00000000 154.44772848
24400.00000000 154.82776598
24500.00000000 155.08556593
24600.00000000 155.79445846
24700.00000000 156.54982365
24800.00000000 156.81654642
24900.00000000 157.03642996
25000.00000000 157.37117012
25100.00000000 157.58258006
25200.00000000 158.07195627
25300.00000000 158.52979413
25400.00000000 158.84429901
25500.00000000 159.40771153
25600.00000000 159.75541578
25700.00000000 160.07437454
25800.00000000 160.16125030
25900.00000000 160.18725109
26000.00000000 160.32683069
26100.00000000 160.31275229
26200.00000000 160.18172067
26300.00000000 160.11638174
26400.00000000 160.06829324
26500.00000000 159.94020624
26600.00000000 159.77070442
26700.00000000 159.67832684
26800.00000000 159.47877573
26900.00000000 159.40855004
27000.00000000 159.45743685
27100.00000000 159.59954570
27200.00000000 159.33304897
27300.00000000 159.11551839
27400.00000000 158.97291028
27500.00000000 158.82682193
27600.00000000 158.75630003
27700.00000000 158.80129354
27800.00000000 158.55669508
27900.00000000 158.53346115
28000.00000000 158.64173392
28100.00000000 158.41115969
28200.00000000 158.30190258
28300.00000000 158.15036949
28400.00000000 157.57386926
28500.00000000 157.10450795
28600.00000000 156.56074994
28700.00000000 156.32337059
28800.00000000 155.71674045
28900.00000000 155.16931645
29000.00000000 154.69271812
29100.00000000 154.29465428
29200.00000000 153.91665306
29300.00000000 153.56616316
29400.00000000 153.01081604
29500.00000000 152.70034017
29600.00000000 152.34262649
29700.00000000 151.87308370
29800.00000000 151.52205831
29900.00000000 151.04685797
30000.00000000 150.50649251
30100.00000000 150.29456270
30200.00000000 150.08440937
30300.00000000 149.82206186
30400.00000000 149.46647572
30500.00000000 149.12555623
30600.00000000 148.76967352
30700.00000000 148.62010024
30800.00000000 148.37540891
30900.00000000 148.33671491
31000.00000000 148.12369139
31100.00000000 147.98622413
31200.00000000 147.71785426
31300.00000000 147.64426871
31400.00000000 147.70438858
31500.00000000 147.79629753
31600.00000000 147.85016207
31700.00000000 147.98645035
31800.00000000 148.27722516
31900.00000000 148.69070195
32000.00000000 148.75660153
32100.00000000 148.88507558
32200.00000000 149.25765559
32300.00000000 149.31287178
32400.00000000 149.44959986
32500.00000000 149.38443168
32600.00000000 149.23222576
32700.00000000 149.08880661
32800.00000000 148.97627654
32900.00000000 148.81171782
33000.00000000 148.58923923
33100.00000000 148.52316764
33200.00000000 148.21531992
33300.00000000 148.07277089
33400.00000000 147.93198123
33500.00000000 147.61822032
33600.00000000 147.54053887
33700.00000000 147.29802233
33800.00000000 147.09320978
33900.00000000 146.73498237
34000.00000000 146.47835309
34100.00000000 146.28868439
34200.00000000 145.89002831
34300.00000000 145.66338708
34400.00000000 145.21369825
34500.00000000 144.98343298
34600.00000000 144.71526658
34700.00000000 144.49452682
34800.00000000 144.45226699
34900.00000000 144.33562051
35000.00000000 144.30377958
35100.00000000 144.26815293
35200.00000000 144.44824312
35300.00000000 144.75639206
35400.00000000 145.02356142
35500.00000000 145.43811445
35600.00000000 145.93680346
35700.00000000 146.50835482
35800.00000000 146.73503703
35900.00000000 147.07021715
36000.00000000 147.19747401
36100.00000000 147.44861587
36200.00000000 147.83502526
36300.00000000 148.14328939
36400.00000000 148.48821077
36500.00000000 148.82461756
36600.00000000 149.18458109
36700.00000000 149.38725271
36800.00000000 149.40488961
36900.00000000 149.31718318
37000.00000000 149.18225983
37100.00000000 149.13540869
37200.00000000 148.96269735
37300.00000000 148.95754445
37400.00000000 148.84063303
37500.00000000 148.66150934
37600.00000000 148.71008184
37700.00000000 148.64548861
37800.00000000 148.89081791
37900.00000000 148.97046965
38000.00000000 149.16991040
38100.00000000 149.33490561
38200.00000000 149.59989708
38300.00000000 149.84652400
38400.00000000 149.95725251
38500.00000000 150.29071730
38600.00000000 150.75893938
38700.00000000 151.15332300
38800.00000000 151.83001083
38900.00000000 152.31998706
39000.00000000 152.95451068
39100.00000000 153.63760767
39200.00000000 154.13478066
39300.00000000 154.79994695
39400.00000000 155.37627452
39500.00000000 156.05077833
39600.00000000 156.62038605
39700.00000000 157.10771030
39800.00000000 157.75228070
39900.00000000 158.25750159
40000.00000000 158.75102873
40100.00000000 159.06132999
40200.00000000 159.48066177
40300.00000000 159.92145308
40400.00000000 160.44217176
40500.00000000 160.84473680
40600.00000000 161.47970755
40700.00000000 162.01531322
40800.00000000 162.54118629
40900.00000000 162.82407192
41000.00000000 163.35757715
41100.00000000 163.75950387
41200.00000000 164.30478526
41300.00000000 164.85354790
41400.00000000 165.32704590
41500.00000000 165.71216248
41600.00000000 166.14013710
41700.00000000 166.75803472
41800.00000000 167.12041245
41900.00000000 167.58024662
42000.00000000 167.83767100
42100.00000000 168.32588769
42200.00000000 168.75365816
42300.00000000 169.16972911
42400.00000000 169.71887371
42500.00000000 170.20407216
42600.00000000 170.76542433
42700.00000000 171.23014388
42800.00000000 171.76027576
42900.00000000 172.24699979
43000.00000000 172.84905253
43100.00000000 173.53589803
43200.00000000 174.22199745
43300.00000000 175.05952881
43400.00000000 175.94188690
43500.00000000 176.56116900
43600.00000000 177.35336376
43700.00000000 177.95484374
43800.00000000 178.68022877
43900.00000000 179.40132037
44000.00000000 180.27048249
44100.00000000 181.12125874
44200.00000000 181.67104579
44300.00000000 182.18873182
44400.00000000 182.64114376
44500.00000000 183.11682347
44600.00000000 183.51705997
44700.00000000 183.93373919
44800.00000000 184.30048075
44900.00000000 184.70633480
45000.00000000 184.94934339
45100.00000000 185.44343670
45200.00000000 185.92311422
45300.00000000 186.14797950
45400.00000000 186.35222263
45500.00000000 186.52672810
45600.00000000 186.81551465
45700.00000000 186.96433127
45800.00000000 187.16528760
45900.00000000 187.31473970
46000.00000000 187.30626680
46100.00000000 187.38727094
46200.00000000 187.44837307
46300.00000000 187.55205151
46400.00000000 187.64363336
46500.00000000 187.65848299
46600.00000000 187.58116092
46700.00000000 187.33309569
46800.00000000 187.41229705
46900.00000000 187.33458856
47000.00000000 187.35353224
47100.00000000 187.48231848
47200.00000000 187.49894548
47300.00000000 187.55978851
47400.00000000 187.68909599
47500.00000000 187.84625646
47600.00000000 188.02590407
47700.00000000 188.16867034
47800.00000000 188.50860648
47900.00000000 188.82774224
48000.00000000 188.90046272
48100.00000000 188.81254079
48200.00000000 188.87206778
48300.00000000 189.20300593
48400.00000000 189.39870999
48500.00000000 189.45626806
48600.00000000 189.66486810
48700.00000000 189.78814497
48800.00000000 189.85023004
48900.00000000 189.99125049
49000.00000000 190.08582410
49100.00000000 190.09214834
49200.00000000 190.24033267
49300.00000000 190.15804557
49400.00000000 190.10196595
49500.00000000 190.05478587
49600.00000000 190.09253233
49700.00000000 190.09792865
49800.00000000 189.91876766
49900.00000000 189.99421327
50000.00000000 190.01587184
50100.00000000 190.12236435
50200.00000000 190.14329587
50300.00000000 190.12425041
50400.00000000 190.26302411
50500.00000000 190.31715836
50600.00000000 190.41516041
50700.00000000 190.38900695
50800.00000000 190.21795726
50900.00000000 190.42084987
51000.00000000 190.36455323
51100.00000000 190.37517193
51200.00000000 190.39327545
51300.00000000 190.27965033
51400.00000000 190.11902524
51500.00000000 190.03661689
51600.00000000 189.89977133
51700.00000000 189.68817152
51800.00000000 189.49824038
51900.00000000 189.30622319
52000.00000000 189.17900660
52100.00000000 189.21110744
52200.00000000 189.20839013
52300.00000000 189.30892976
52400.00000000 189.14342027
52500.00000000 188.91668461
52600.00000000 188.69730878
52700.00000000 188.64950100
52800.00000000 188.58899302
52900.00000000 188.51117051
53000.00000000 188.45394759
53100.00000000 188.27428020
53200.00000000 188.40744526
53300.00000000 188.51462355
53400.00000000 188.53072862
53500.00000000 188.51555471
53600.00000000 188.47156582
53700.00000000 188.42905038
53800.00000000 188.39207643
53900.00000000 188.30571049
54000.00000000 188.34152162
54100.00000000 188.40368928
54200.00000000 188.50452885
54300.00000000 188.59896628
54400.00000000 188.58232805
54500.00000000 188.46378083
54600.00000000 188.51535585
54700.00000000 188.38348551
54800.00000000 188.45184585
54900.00000000 188.40577241
55000.00000000 188.28287543
55100.00000000 188.24247441
55200.00000000 188.27422115
55300.00000000 188.11472860
55400.00000000 187.89346393
55500.00000000 187.63429050
55600.00000000 187.41147496
55700.00000000 187.19473015
55800.00000000 186.85119218
55900.00000000 186.58276381
56000.00000000 186.24766605
56100.00000000 186.00471919
56200.00000000 185.79714878
56300.00000000 185.45627504
56400.00000000 185.20424099
56500.00000000 184.80314921
56600.00000000 184.53376882
56700.00000000 184.32111030
56800.00000000 183.99108026
56900.00000000 183.85607316
57000.00000000 183.79979767
57100.00000000 183.55563972
57200.00000000 183.32090115
57300.00000000 183.16619993
57400.00000000 182.90891259
57500.00000000 182.74903682
57600.00000000 182.60176543
57700.00000000 182.46122493
57800.00000000 182.42915285
57900.00000000 182.39161635
58000.00000000 182.13152669
58100.00000000 182.08403232
58200.00000000 182.07076465
58300.00000000 181.98247733
58400.00000000 181.87149202
58500.00000000 181.77198103
58600.00000000 181.61561052
58700.00000000 181.46669441
58800.00000000 181.22938963
58900.00000000 180.97493387
59000.00000000 180.96213149
59100.00000000 180.82983628
59200.00000000 180.60831197
59300.00000000 180.31284432
59400.00000000 180.17447644
59500.00000000 179.93786831
59600.00000000 179.72719421
59700.00000000 179.42269902
59800.00000000 179.15775218
59900.00000000 178.86008805
60000.00000000 178.53177546
60100.00000000 178.29031605
60200.00000000 178.05516987
60300.00000000 177.80817505
60400.00000000 177.59489621
60500.00000000 177.30716023
60600.00000000 177.12660254
60700.00000000 176.96003228
60800.00000000 176.82075393
60900.00000000 176.72584073
61000.00000000 176.73830214
61100.00000000 176.73344580
61200.00000000 176.51333192
61300.00000000 176.31981929
61400.00000000 176.26763467
61500.00000000 176.06735271
61600.00000000 175.99381566
61700.00000000 175.92939766
61800.00000000 175.82840220
61900.00000000 175.76133789
62000.00000000 175.65433152
62100.00000000 175.63911764
62200.00000000 175.62510179
62300.00000000 175.72296413
62400.00000000 175.85350772
62500.00000000 175.98315187
62600.00000000 176.28635099
62700.00000000 176.56368557
62800.00000000 176.82213892
62900.00000000 177.05409567
63000.00000000 177.17299831
63100.00000000 177.20698518
63200.00000000 177.14291063
63300.00000000 177.17934728
63400.00000000 177.04559163
63500.00000000 176.95087796
63600.00000000 176.70625583
63700.00000000 176.51274386
63800.00000000 176.35337952
63900.00000000 176.15542070
64000.00000000 175.93949096
64100.00000000 175.58654724
64200.00000000 175.34024922
64300.00000000 175.23521776
64400.00000000 175.10939425
64500.00000000 174.88933045
64600.00000000 174.59079538
64700.00000000 174.36375348
64800.00000000 174.06752948
64900.00000000 173.77542375
65000.00000000 173.60867023
65100.00000000 173.41885073
65200.00000000 173.09620754
65300.00000000 173.00843002
65400.00000000 172.89154371
65500.00000000 172.62482194
65600.00000000 172.46759496
65700.00000000 172.29067185
65800.00000000 171.97425410
65900.00000000 171.72663003
66000.00000000 171.55126456
66100.00000000 171.36198973
66200.00000000 171.14950370
66300.00000000 170.84094526
66400.00000000 170.58988841
66500.00000000 170.50750092
66600.00000000 170.43722774
66700.00000000 170.32173421
66800.00000000 170.24235026
66900.00000000 170.13685972
67000.00000000 170.10540262
67100.00000000 170.07513607
67200.00000000 170.05368826
67300.00000000 170.02095105
67400.00000000 169.96514559
67500.00000000 169.99836556
67600.00000000 169.95716290
67700.00000000 170.06473667
67800.00000000 169.94546625
67900.00000000 170.01444867
68000.00000000 170.11124967
68100.00000000 170.15319708
68200.00000000 170.10285803
68300.00000000 170.17417597
68400.00000000 170.28884681
68500.00000000 170.24066630
68600.00000000 170.20213069
68700.00000000 170.01876105
68800.00000000 169.94616323
68900.00000000 169.88077136
69000.00000000 169.82411880
69100.00000000 169.77330482
69200.00000000 169.62467589
69300.00000000 169.55579581
69400.00000000 169.51819190
69500.00000000 169.30223507
69600.00000000 169.13732166
69700.00000000 168.93172750
69800.00000000 168.76500308
69900.00000000 168.55334381
70000.00000000 168.37221723
70100.00000000 168.15929273
70200.00000000 167.89981243
70300.00000000 167.71435825
70400.00000000 167.46967788
70500.00000000 167.38597018
70600.00000000 167.30131016
70700.00000000 167.24364089
70800.00000000 167.29459480
70900.00000000 167.30246687
71000.00000000 167.27425558
71100.00000000 167.12834177
71200.00000000 166.99674645
71300.00000000 166.75783741
71400.00000000 166.59760236
71500.00000000 166.46952316
71600.00000000 166.30306186
71700.00000000 166.09508667
71800.00000000 165.90070016
71900.00000000 165.69595184
72000.00000000 165.54695258
72100.00000000 165.37490813
72200.00000000 165.25733664
72300.00000000 165.22913234
72400.00000000 165.12279916
72500.00000000 165.04356936
72600.00000000 164.88786432
72700.00000000 164.67708431
72800.00000000 164.52673849
72900.00000000 164.42020932
73000.00000000 164.31995465
73100.00000000 164.23166611
73200.00000000 164.21651136
73300.00000000 164.17975787
73400.00000000 164.13202548
73500.00000000 164.06648789
73600.00000000 163.82578919
73700.00000000 163.60200181
73800.00000000 163.46495911
73900.00000000 163.25206979
74000.00000000 163.09052668
74100.00000000 162.88744721
74200.00000000 162.72867082
74300.00000000 162.69450819
74400.00000000 162.61093539
74500.00000000 162.63389034
74600.00000000 162.61683599
74700.00000000 162.66596273
74800.00000000 162.62891709
74900.00000000 162.56323033
75000.00000000 162.41011369
75100.00000000 162.35384103
75200.00000000 162.38692807
75300.00000000 162.33688577
75400.00000000 162.32328465
75500.00000000 162.39908145
75600.00000000 162.40798859
75700.00000000 162.39818816
75800.00000000 162.47795090
75900.00000000 162.53466744
76000.00000000 162.61284819
76100.00000000 162.68071204
76200.00000000 162.83544738
76300.00000000 162.90880226
76400.00000000 163.00448893
76500.00000000 162.99762581
76600.00000000 163.03223361
76700.00000000 162.99547235
76800.00000000 162.94084473
76900.00000000 162.91872079
77000.00000000 162.94870753
77100.00000000 162.87480551
77200.00000000 162.70373951
77300.00000000 162.65069707
77400.00000000 162.61070045
77500.00000000 162.60486641
77600.00000000 162.53531204
77700.00000000 162.66572662
77800.00000000 162.75294189
77900.00000000 162.83936877
78000.00000000 162.93809970
78100.00000000 163.04119131
78200.00000000 163.09712095
78300.00000000 163.08089339
78400.00000000 163.11423987
78500.00000000 163.03628641
78600.00000000 163.07952512
78700.00000000 162.94557909
78800.00000000 162.74754720
78900.00000000 162.63206920
79000.00000000 162.51721175
79100.00000000 162.36038952
79200.00000000 162.15689938
79300.00000000 161.95304315
79400.00000000 161.74201236
79500.00000000 161.64513658
79600.00000000 161.58286754
79700.00000000 161.45466936
79800.00000000 161.33792776
79900.00000000 161.24555644
80000.00000000 161.13153095
80100.00000000 160.98882563
80200.00000000 160.83176492
80300.00000000 160.65567109
80400.00000000 160.47081156
80500.00000000 160.27978161
80600.00000000 160.14092749
80700.00000000 159.96095550
80800.00000000 159.75595997
80900.00000000 159.59568295
81000.00000000 159.52298130
81100.00000000 159.33687894
81200.00000000 159.18486222
81300.00000000 159.01172298
81400.00000000 158.82627091
81500.00000000 158.60006982
81600.00000000 158.47001399
81700.00000000 158.25907021
81800.00000000 158.14325022
81900.00000000 158.02819042
82000.00000000 157.98114126
82100.00000000 157.85213132
82200.00000000 157.73934471
82300.00000000 157.56087337
82400.00000000 157.36336320
82500.00000000 157.26048061
82600.00000000 157.11591275
82700.00000000 157.06612301
82800.00000000 156.95836682
82900.00000000 156.91949490
83000.00000000 156.86115912
83100.00000000 156.82371479
83200.00000000 156.63487159
83300.00000000 156.49352091
83400.00000000 156.32864722
83500.00000000 156.22596238
83600.00000000 156.05731732
83700.00000000 155.90094723
83800.00000000 155.75463912
83900.00000000 155.57995109
84000.00000000 155.37087089
84100.00000000 155.29201821
84200.00000000 155.18093524
84300.00000000 155.05262235
84400.00000000 154.89262578
84500.00000000 154.70711632
84600.00000000 154.62688811
84700.00000000 154.52051548
84800.00000000 154.46057260
84900.00000000 154.43723737
85000.00000000 154.40833262
85100.00000000 154.36313084
85200.00000000 154.25420933
85300.00000000 154.14010075
85400.00000000 153.98481806
85500.00000000 153.92991210
85600.00000000 153.89415756
85700.00000000 153.86032964
85800.00000000 153.83574739
85900.00000000 153.80850343
86000.00000000 153.77822837
86100.00000000 153.71144389
86200.00000000 153.66823696
86300.00000000 153.62988028
86400.00000000 153.54534195
86500.00000000 153.50594375
86600.00000000 153.44909521
86700.00000000 153.34653716
86800.00000000 153.29707896
86900.00000000 153.25450725
87000.00000000 153.20641942
87100.00000000 153.23500753
87200.00000000 153.15574784
87300.00000000 153.19700372
87400.00000000 153.26208347
87500.00000000 153.37921230
87600.00000000 153.48034361
87700.00000000 153.51375741
87800.00000000 153.65204788
87900.00000000 153.74728607
88000.00000000 153.79172448
88100.00000000 153.91403724
88200.00000000 154.05177078
88300.00000000 154.23839164
88400.00000000 154.30336978
88500.00000000 154.45034507
88600.00000000 154.54586547
88700.00000000 154.74780982
88800.00000000 154.88648419
88900.00000000 155.04294203
89000.00000000 155.14294702
89100.00000000 155.31859306
89200.00000000 155.41325075
89300.00000000 155.50380744
89400.00000000 155.67560757
89500.00000000 155.68882171
89600.00000000 155.78682122
89700.00000000 155.83419153
89800.00000000 155.93931710
89900.00000000 156.02675133
90000.00000000 156.13013906
90100.00000000 156.21213648
90200.00000000 156.19129276
90300.00000000 156.25291904
90400.00000000 156.35552381
90500.00000000 156.45703188
90600.00000000 156.58847270
90700.00000000 156.76052494
90800.00000000 156.89609310
90900.00000000 157.17251654
91000.00000000 157.38943055
91100.00000000 157.59646425
91200.00000000 157.86926618
91300.00000000 158.05977300
91400.00000000 158.25990684
91500.00000000 158.46420455
91600.00000000 158.66613834
91700.00000000 158.91814130
91800.00000000 159.15148773
91900.00000000 159.33257333
92000.00000000 159.52796685
92100.00000000 159.82428270
92200.00000000 160.09554933
92300.00000000 160.24181639
92400.00000000 160.46827892
92500.00000000 160.70963623
92600.00000000 160.96500351
92700.00000000 161.17936721
92800.00000000 161.38422842
92900.00000000 161.61909725
93000.00000000 161.76134415
93100.00000000 162.05647783
93200.00000000 162.34384640
93300.00000000 162.53993276
93400.00000000 162.84295575
93500.00000000 163.11791642
93600.00000000 163.37796683
93700.00000000 163.65118559
93800.00000000 163.90282107
93900.00000000 164.18969945
94000.00000000 164.47764635
94100.00000000 164.80656781
94200.00000000 165.04318635
94300.00000000 165.28771634
94400.00000000 165.45221487
94500.00000000 165.63316301
94600.00000000 165.85209356
94700.00000000 166.11128173
94800.00000000 166.37638191
94900.00000000 166.67091406
95000.00000000 166.89709605
95100.00000000 167.16089648
95200.00000000 167.29176758
95300.00000000 167.41110720
95400.00000000 167.53516106
95500.00000000 167.70538027
95600.00000000 167.91495949
95700.00000000 168.14468627
95800.00000000 168.34984738
95900.00000000 168.57849271
96000.00000000 168.72505022
96100.00000000 168.98289817
96200.00000000 169.14981868
96300.00000000 169.48234131
96400.00000000 169.73601869
96500.00000000 170.03449715
96600.00000000 170.27580353
96700.00000000 170.56290469
96800.00000000 170.87823634
96900.00000000 171.12763034
97000.00000000 171.35960591
97100.00000000 171.59361963
97200.00000000 171.71634888
97300.00000000 171.94798827
97400.00000000 172.07496142
97500.00000000 172.18776613
97600.00000000 172.28584372
97700.00000000 172.33514884
97800.00000000 172.46750125
97900.00000000 172.60501860
98000.00000000 172.62101317
98100.00000000 172.64594982
98200.00000000 172.77213854
98300.00000000 172.86488575
98400.00000000 172.96890293
98500.00000000 173.08715037
98600.00000000 173.22509533
98700.00000000 173.25199992
98800.00000000 173.32467085
98900.00000000 173.40650363
99000.00000000 173.57753358
99100.00000000 173.68420878
99200.00000000 173.83300292
99300.00000000 174.02540806
99400.00000000 174.20895101
99500.00000000 174.35425127
99600.00000000 174.52387359
99700.00000000 174.70116962
99800.00000000 174.81187051
99900.00000000 174.85923803
100000.00000000 174.86950771
