100.00000000 0.19000000
200.00000000 0.16500000
300.00000000 0.21333333
400.00000000 0.21000000
500.00000000 0.19800000
600.00000000 0.20166667
700.00000000 0.19714286
800.00000000 0.19750000
900.00000000 0.19888889
1000.00000000 0.19200000
1100.00000000 0.19454545
1200.00000000 0.19500000
1300.00000000 0.19692308
1400.00000000 0.19357143
1500.00000000 0.19333333
1600.00000000 0.19250000
1700.00000000 0.18882353
1800.00000000 0.18666667
1900.00000000 0.18789474
2000.00000000 0.18500000
2100.00000000 0.18523810
2200.00000000 0.18590909
2300.00000000 0.18695652
2400.00000000 0.18875000
2500.00000000 0.19160000
2600.00000000 0.19000000
2700.00000000 0.19111111
2800.00000000 0.19357143
2900.00000000 0.19586207
3000.00000000 0.19700000
3100.00000000 0.19774194
3200.00000000 0.19625000
3300.00000000 0.19424242
3400.00000000 0.19647059
3500.00000000 0.19571429
3600.00000000 0.19500000
3700.00000000 0.19459459
3800.00000000 0.19421053
3900.00000000 0.19410256
4000.00000000 0.19325000
4100.00000000 0.19219512
4200.00000000 0.19119048
4300.00000000 0.19069767
4400.00000000 0.19068182
4500.00000000 0.19111111
4600.00000000 0.18891304
4700.00000000 0.18893617
4800.00000000 0.19145833
4900.00000000 0.19020408
5000.00000000 0.18980000
5100.00000000 0.19000000
5200.00000000 0.19153846
5300.00000000 0.19301887
5400.00000000 0.19388889
5500.00000000 0.19345455
5600.00000000 0.19410714
5700.00000000 0.19333333
5800.00000000 0.19362069
5900.00000000 0.19423729
6000.00000000 0.19366667
6100.00000000 0.19459016
6200.00000000 0.19645161
6300.00000000 0.19571429
6400.00000000 0.19593750
6500.00000000 0.19569231
6600.00000000 0.19560606
6700.00000000 0.19671642
6800.00000000 0.19691176
6900.00000000 0.19652174
7000.00000000 0.19642857
7100.00000000 0.19535211
7200.00000000 0.19652778
7300.00000000 0.19589041
7400.00000000 0.19513514
7500.00000000 0.19573333
7600.00000000 0.19578947
7700.00000000 0.19545455
7800.00000000 0.19525641
7900.00000000 0.19531646
8000.00000000 0.19475000
8100.00000000 0.19567901
8200.00000000 0.19621951
8300.00000000 0.19638554
8400.00000000 0.19690476
8500.00000000 0.19658824
8600.00000000 0.19674419
8700.00000000 0.19609195
8800.00000000 0.19636364
8900.00000000 0.19674157
9000.00000000 0.19633333
9100.00000000 0.19527473
9200.00000000 0.19510870
9300.00000000 0.19473118
9400.00000000 0.19574468
9500.00000000 0.19694737
9600.00000000 0.19687500
9700.00000000 0.19680412
9800.00000000 0.19795918
9900.00000000 0.19797980
10000.00000000 0.19770000
10100.00000000 0.19792079
10200.00000000 0.19774510
10300.00000000 0.19776699
10400.00000000 0.19788462
10500.00000000 0.19819048
10600.00000000 0.19811321
10700.00000000 0.19794393
10800.00000000 0.19731481
10900.00000000 0.19697248
11000.00000000 0.19772727
11100.00000000 0.19765766
11200.00000000 0.19758929
11300.00000000 0.19761062
11400.00000000 0.19754386
11500.00000000 0.19756522
11600.00000000 0.19818966
11700.00000000 0.19777778
11800.00000000 0.19711864
11900.00000000 0.19747899
12000.00000000 0.19733333
12100.00000000 0.19760331
12200.00000000 0.19762295
12300.00000000 0.19796748
12400.00000000 0.19814516
12500.00000000 0.19792000
12600.00000000 0.19769841
12700.00000000 0.19826772
12800.00000000 0.19890625
12900.00000000 0.19891473
13000.00000000 0.19930769
13100.00000000 0.19938931
13200.00000000 0.19954545
13300.00000000 0.19872180
13400.00000000 0.19865672
13500.00000000 0.19874074
13600.00000000 0.19830882
13700.00000000 0.19817518
13800.00000000 0.19876812
13900.00000000 0.19834532
14000.00000000 0.19842857
14100.00000000 0.19843972
14200.00000000 0.19830986
14300.00000000 0.19811189
14400.00000000 0.19902778
14500.00000000 0.19889655
14600.00000000 0.19897260
14700.00000000 0.19836735
14800.00000000 0.19797297
14900.00000000 0.19771812
15000.00000000 0.19713333
15100.00000000 0.19721854
15200.00000000 0.19723684
15300.00000000 0.19751634
15400.00000000 0.19740260
15500.00000000 0.19716129
15600.00000000 0.19730769
15700.00000000 0.19751592
15800.00000000 0.19734177
15900.00000000 0.19842767
16000.00000000 0.19868750
16100.00000000 0.19888199
16200.00000000 0.19888889
16300.00000000 0.19907975
16400.00000000 0.19975610
16500.00000000 0.20006061
16600.00000000 0.19987952
16700.00000000 0.19982036
16800.00000000 0.19958333
16900.00000000 0.19958580
17000.00000000 0.19988235
17100.00000000 0.19941520
17200.00000000 0.19941860
17300.00000000 0.19982659
17400.00000000 0.19982759
17500.00000000 0.19942857
17600.00000000 0.19988636
17700.00000000 0.20000000
17800.00000000 0.19983146
17900.00000000 0.19966480
18000.00000000 0.19994444
18100.00000000 0.20022099
18200.00000000 0.19994505
18300.00000000 0.19983607
18400.00000000 0.19972826
18500.00000000 0.19978378
18600.00000000 0.20000000
18700.00000000 0.19994652
18800.00000000 0.19994681
18900.00000000 0.19973545
19000.00000000 0.19963158
19100.00000000 0.19963351
19200.00000000 0.19937500
19300.00000000 0.19948187
19400.00000000 0.19922680
19500.00000000 0.19917949
19600.00000000 0.19908163
19700.00000000 0.19908629
19800.00000000 0.19904040
19900.00000000 0.19889447
20000.00000000 0.19925000
20100.00000000 0.19905473
20200.00000000 0.19891089
20300.00000000 0.19911330
20400.00000000 0.19916667
20500.00000000 0.19936585
20600.00000000 0.19927184
20700.00000000 0.19917874
20800.00000000 0.19908654
20900.00000000 0.19909091
21000.00000000 0.19895238
21100.00000000 0.19881517
21200.00000000 0.19849057
21300.00000000 0.19859155
21400.00000000 0.19864486
21500.00000000 0.19883721
21600.00000000 0.19925926
21700.00000000 0.19917051
21800.00000000 0.19889908
21900.00000000 0.19936073
22000.00000000 0.19927273
22100.00000000 0.19936652
22200.00000000 0.19941441
22300.00000000 0.19959641
22400.00000000 0.19968750
22500.00000000 0.20004444
22600.00000000 0.19991150
22700.00000000 0.20026432
22800.00000000 0.20013158
22900.00000000 0.20030568
23000.00000000 0.20034783
23100.00000000 0.20064935
23200.00000000 0.20051724
23300.00000000 0.20051502
23400.00000000 0.20017094
23500.00000000 0.20004255
23600.00000000 0.20029661
23700.00000000 0.20046414
23800.00000000 0.20058824
23900.00000000 0.20062762
24000.00000000 0.20025000
24100.00000000 0.20008299
24200.00000000 0.20024793
24300.00000000 0.20049383
24400.00000000 0.20020492
24500.00000000 0.20028571
24600.00000000 0.20056911
24700.00000000 0.20076923
24800.00000000 0.20084677
24900.00000000 0.20088353
25000.00000000 0.20084000
25100.00000000 0.20083665
25200.00000000 0.20055556
25300.00000000 0.20047431
25400.00000000 0.20055118
25500.00000000 0.20043137
25600.00000000 0.20058594
25700.00000000 0.20038911
25800.00000000 0.20019380
25900.00000000 0.20019305
26000.00000000 0.20046154
26100.00000000 0.20065134
26200.00000000 0.20083969
26300.00000000 0.20083650
26400.00000000 0.20083333
26500.00000000 0.20067925
26600.00000000 0.20090226
26700.00000000 0.20059925
26800.00000000 0.20037313
26900.00000000 0.20055762
27000.00000000 0.20062963
27100.00000000 0.20084871
27200.00000000 0.20091912
27300.00000000 0.20098901
27400.00000000 0.20076642
27500.00000000 0.20080000
27600.00000000 0.20072464
27700.00000000 0.20064982
27800.00000000 0.20071942
27900.00000000 0.20082437
28000.00000000 0.20092857
28100.00000000 0.20106762
28200.00000000 0.20117021
28300.00000000 0.20137809
28400.00000000 0.20119718
28500.00000000 0.20140351
28600.00000000 0.20150350
28700.00000000 0.20135889
28800.00000000 0.20149306
28900.00000000 0.20166090
29000.00000000 0.20175862
29100.00000000 0.20164948
29200.00000000 0.20136986
29300.00000000 0.20156997
29400.00000000 0.20153061
29500.00000000 0.20155932
29600.00000000 0.20148649
29700.00000000 0.20144781
29800.00000000 0.20127517
29900.00000000 0.20140468
30000.00000000 0.20136667
30100.00000000 0.20129568
30200.00000000 0.20125828
30300.00000000 0.20122112
30400.00000000 0.20101974
30500.00000000 0.20114754
30600.00000000 0.20127451
30700.00000000 0.20117264
30800.00000000 0.20120130
30900.00000000 0.20119741
31000.00000000 0.20119355
31100.00000000 0.20112540
31200.00000000 0.20137821
31300.00000000 0.20146965
31400.00000000 0.20127389
31500.00000000 0.20120635
31600.00000000 0.20117089
31700.00000000 0.20097792
31800.00000000 0.20072327
31900.00000000 0.20065831
32000.00000000 0.20075000
32100.00000000 0.20065421
32200.00000000 0.20040373
32300.00000000 0.20040248
32400.00000000 0.20018519
32500.00000000 0.20018462
32600.00000000 0.20000000
32700.00000000 0.19987768
32800.00000000 0.19981707
32900.00000000 0.19990881
33000.00000000 0.19978788
33100.00000000 0.19978852
33200.00000000 0.19987952
33300.00000000 0.19984985
33400.00000000 0.20020958
33500.00000000 0.20032836
33600.00000000 0.20050595
33700.00000000 0.20050445
33800.00000000 0.20050296
33900.00000000 0.20035398
34000.00000000 0.20017647
34100.00000000 0.20023460
34200.00000000 0.20020468
34300.00000000 0.20032070
34400.00000000 0.20005814
34500.00000000 0.19982609
34600.00000000 0.19985549
34700.00000000 0.20005764
34800.00000000 0.20017241
34900.00000000 0.20028653
35000.00000000 0.20014286
35100.00000000 0.20017094
35200.00000000 0.20005682
35300.00000000 0.20002833
35400.00000000 0.19983051
35500.00000000 0.19952113
35600.00000000 0.19960674
35700.00000000 0.19943978
35800.00000000 0.19935754
35900.00000000 0.19919220
36000.00000000 0.19908333
36100.00000000 0.19897507
36200.00000000 0.19881215
36300.00000000 0.19892562
36400.00000000 0.19906593
36500.00000000 0.19934247
36600.00000000 0.19950820
36700.00000000 0.19956403
36800.00000000 0.19956522
36900.00000000 0.19945799
37000.00000000 0.19937838
37100.00000000 0.19932615
37200.00000000 0.19922043
37300.00000000 0.19927614
37400.00000000 0.19925134
37500.00000000 0.19944000
37600.00000000 0.19920213
37700.00000000 0.19925729
37800.00000000 0.19928571
37900.00000000 0.19926121
38000.00000000 0.19926316
38100.00000000 0.19952756
38200.00000000 0.19955497
38300.00000000 0.19955614
38400.00000000 0.19947917
38500.00000000 0.19940260
38600.00000000 0.19950777
38700.00000000 0.19950904
38800.00000000 0.19945876
38900.00000000 0.19951157
39000.00000000 0.19951282
39100.00000000 0.19953964
39200.00000000 0.19948980
39300.00000000 0.19951654
39400.00000000 0.19982234
39500.00000000 0.19979747
39600.00000000 0.19989899
39700.00000000 0.19979849
39800.00000000 0.20002513
39900.00000000 0.20007519
40000.00000000 0.20022500
40100.00000000 0.20027431
40200.00000000 0.20004975
40300.00000000 0.20024814
40400.00000000 0.20029703
40500.00000000 0.20032099
40600.00000000 0.20027094
40700.00000000 0.20027027
40800.00000000 0.20014706
40900.00000000 0.20009780
41000.00000000 0.20014634
41100.00000000 0.20012165
41200.00000000 0.20021845
41300.00000000 0.20007264
41400.00000000 0.20009662
41500.00000000 0.19997590
41600.00000000 0.19983173
41700.00000000 0.19985612
41800.00000000 0.19997608
41900.00000000 0.20009547
42000.00000000 0.20023810
42100.00000000 0.20019002
42200.00000000 0.20040284
42300.00000000 0.20049645
42400.00000000 0.20040094
42500.00000000 0.20030588
42600.00000000 0.20025822
42700.00000000 0.20023419
42800.00000000 0.20025701
42900.00000000 0.20006993
43000.00000000 0.20009302
43100.00000000 0.20027842
43200.00000000 0.20034722
43300.00000000 0.20048499
43400.00000000 0.20039171
43500.00000000 0.20043678
43600.00000000 0.20052752
43700.00000000 0.20052632
43800.00000000 0.20077626
43900.00000000 0.20086560
44000.00000000 0.20081818
44100.00000000 0.20081633
44200.00000000 0.20081448
44300.00000000 0.20083521
44400.00000000 0.20090090
44500.00000000 0.20092135
44600.00000000 0.20082960
44700.00000000 0.20069351
44800.00000000 0.20075893
44900.00000000 0.20064588
45000.00000000 0.20064444
45100.00000000 0.20057650
45200.00000000 0.20061947
45300.00000000 0.20059603
45400.00000000 0.20061674
45500.00000000 0.20059341
45600.00000000 0.20076754
45700.00000000 0.20087527
45800.00000000 0.20080786
45900.00000000 0.20069717
46000.00000000 0.20058696
46100.00000000 0.20054230
46200.00000000 0.20045455
46300.00000000 0.20075594
46400.00000000 0.20071121
46500.00000000 0.20077419
46600.00000000 0.20083691
46700.00000000 0.20074946
46800.00000000 0.20085470
46900.00000000 0.20083156
47000.00000000 0.20095745
47100.00000000 0.20078556
47200.00000000 0.20088983
47300.00000000 0.20099366
47400.00000000 0.20088608
47500.00000000 0.20077895
47600.00000000 0.20086134
47700.00000000 0.20094340
47800.00000000 0.20102510
47900.00000000 0.20087683
48000.00000000 0.20079167
48100.00000000 0.20070686
48200.00000000 0.20072614
48300.00000000 0.20080745
48400.00000000 0.20084711
48500.00000000 0.20080412
48600.00000000 0.20082305
48700.00000000 0.20084189
48800.00000000 0.20096311
48900.00000000 0.20094070
49000.00000000 0.20095918
49100.00000000 0.20103870
49200.00000000 0.20097561
49300.00000000 0.20097363
49400.00000000 0.20103239
49500.00000000 0.20111111
49600.00000000 0.20100806
49700.00000000 0.20094567
49800.00000000 0.20098394
49900.00000000 0.20082164
50000.00000000 0.20084000
50100.00000000 0.20085828
50200.00000000 0.20083665
50300.00000000 0.20077535
50400.00000000 0.20075397
50500.00000000 0.20071287
50600.00000000 0.20049407
50700.00000000 0.20057199
50800.00000000 0.20055118
50900.00000000 0.20043222
51000.00000000 0.20047059
51100.00000000 0.20054795
51200.00000000 0.20060547
51300.00000000 0.20048733
51400.00000000 0.20040856
51500.00000000 0.20033010
51600.00000000 0.20038760
51700.00000000 0.20032882
51800.00000000 0.20038610
51900.00000000 0.20025048
52000.00000000 0.20025000
52100.00000000 0.20017274
52200.00000000 0.20015326
52300.00000000 0.20013384
52400.00000000 0.20005725
52500.00000000 0.19992381
52600.00000000 0.19979087
52700.00000000 0.19969639
52800.00000000 0.19964015
52900.00000000 0.19975425
53000.00000000 0.19964151
53100.00000000 0.19956685
53200.00000000 0.19966165
53300.00000000 0.19956848
53400.00000000 0.19964419
53500.00000000 0.19964486
53600.00000000 0.19964552
53700.00000000 0.19964618
53800.00000000 0.19968401
53900.00000000 0.19968460
54000.00000000 0.19964815
54100.00000000 0.19972274
54200.00000000 0.19959410
54300.00000000 0.19963168
54400.00000000 0.19946691
54500.00000000 0.19941284
54600.00000000 0.19959707
54700.00000000 0.19959781
54800.00000000 0.19958029
54900.00000000 0.19954463
55000.00000000 0.19958182
55100.00000000 0.19956443
55200.00000000 0.19958333
55300.00000000 0.19960217
55400.00000000 0.19954874
55500.00000000 0.19938739
55600.00000000 0.19944245
55700.00000000 0.19940754
55800.00000000 0.19953405
55900.00000000 0.19960644
56000.00000000 0.19962500
56100.00000000 0.19975045
56200.00000000 0.19982206
56300.00000000 0.19982238
56400.00000000 0.19992908
56500.00000000 0.19998230
56600.00000000 0.19994700
56700.00000000 0.19991182
56800.00000000 0.19992958
56900.00000000 0.19996485
57000.00000000 0.19991228
57100.00000000 0.19985989
57200.00000000 0.19979021
57300.00000000 0.19982548
57400.00000000 0.19975610
57500.00000000 0.19961739
57600.00000000 0.19960069
57700.00000000 0.19963605
57800.00000000 0.19960208
57900.00000000 0.19963731
58000.00000000 0.19960345
58100.00000000 0.19953528
58200.00000000 0.19958763
58300.00000000 0.19955403
58400.00000000 0.19955479
58500.00000000 0.19943590
58600.00000000 0.19933447
58700.00000000 0.19918228
58800.00000000 0.19909864
58900.00000000 0.19915110
59000.00000000 0.19922034
59100.00000000 0.19934010
59200.00000000 0.19939189
59300.00000000 0.19930860
59400.00000000 0.19927609
59500.00000000 0.19931092
59600.00000000 0.19936242
59700.00000000 0.19943049
59800.00000000 0.19954849
59900.00000000 0.19958264
60000.00000000 0.19958333
60100.00000000 0.19953411
60200.00000000 0.19963455
60300.00000000 0.19975124
60400.00000000 0.19990066
60500.00000000 0.20009917
60600.00000000 0.20023102
60700.00000000 0.20018122
60800.00000000 0.20024671
60900.00000000 0.20022989
61000.00000000 0.20029508
61100.00000000 0.20027823
61200.00000000 0.20026144
61300.00000000 0.20017945
61400.00000000 0.20019544
61500.00000000 0.20017886
61600.00000000 0.20024351
61700.00000000 0.20029173
61800.00000000 0.20037217
61900.00000000 0.20045234
62000.00000000 0.20054839
62100.00000000 0.20048309
62200.00000000 0.20051447
62300.00000000 0.20056180
62400.00000000 0.20062500
62500.00000000 0.20064000
62600.00000000 0.20075080
62700.00000000 0.20062201
62800.00000000 0.20066879
62900.00000000 0.20063593
63000.00000000 0.20073016
63100.00000000 0.20069731
63200.00000000 0.20066456
63300.00000000 0.20064771
63400.00000000 0.20055205
63500.00000000 0.20070866
63600.00000000 0.20077044
63700.00000000 0.20070644
63800.00000000 0.20065831
63900.00000000 0.20065728
64000.00000000 0.20073437
64100.00000000 0.20081123
64200.00000000 0.20085670
64300.00000000 0.20099533
64400.00000000 0.20096273
64500.00000000 0.20093023
64600.00000000 0.20082043
64700.00000000 0.20072643
64800.00000000 0.20077160
64900.00000000 0.20069337
65000.00000000 0.20061538
65100.00000000 0.20073733
65200.00000000 0.20076687
65300.00000000 0.20064319
65400.00000000 0.20055046
65500.00000000 0.20058015
65600.00000000 0.20057927
65700.00000000 0.20065449
65800.00000000 0.20057751
65900.00000000 0.20056146
66000.00000000 0.20060606
66100.00000000 0.20063540
66200.00000000 0.20061934
66300.00000000 0.20060332
66400.00000000 0.20055723
66500.00000000 0.20052632
66600.00000000 0.20051051
66700.00000000 0.20059970
66800.00000000 0.20053892
66900.00000000 0.20050822
67000.00000000 0.20043284
67100.00000000 0.20050671
67200.00000000 0.20046131
67300.00000000 0.20034175
67400.00000000 0.20043027
67500.00000000 0.20050370
67600.00000000 0.20048817
67700.00000000 0.20045790
67800.00000000 0.20053097
67900.00000000 0.20051546
68000.00000000 0.20055882
68100.00000000 0.20064611
68200.00000000 0.20061584
68300.00000000 0.20046852
68400.00000000 0.20058480
68500.00000000 0.20067153
68600.00000000 0.20071429
68700.00000000 0.20072780
68800.00000000 0.20079942
68900.00000000 0.20075472
69000.00000000 0.20072464
69100.00000000 0.20065123
69200.00000000 0.20072254
69300.00000000 0.20080808
69400.00000000 0.20083573
69500.00000000 0.20090647
69600.00000000 0.20084770
69700.00000000 0.20084648
69800.00000000 0.20093123
69900.00000000 0.20090129
70000.00000000 0.20081429
70100.00000000 0.20077033
70200.00000000 0.20078348
70300.00000000 0.20078236
70400.00000000 0.20083807
70500.00000000 0.20075177
70600.00000000 0.20076487
70700.00000000 0.20086280
70800.00000000 0.20084746
70900.00000000 0.20088858
71000.00000000 0.20085915
71100.00000000 0.20081575
71200.00000000 0.20085674
71300.00000000 0.20082749
71400.00000000 0.20079832
71500.00000000 0.20079720
71600.00000000 0.20075419
71700.00000000 0.20071130
71800.00000000 0.20079387
71900.00000000 0.20079277
72000.00000000 0.20079167
72100.00000000 0.20077670
72200.00000000 0.20085873
72300.00000000 0.20094053
72400.00000000 0.20089779
72500.00000000 0.20086897
72600.00000000 0.20095041
72700.00000000 0.20110041
72800.00000000 0.20109890
72900.00000000 0.20109739
73000.00000000 0.20116438
73100.00000000 0.20113543
73200.00000000 0.20121585
73300.00000000 0.20117326
73400.00000000 0.20107629
73500.00000000 0.20103401
73600.00000000 0.20096467
73700.00000000 0.20089552
73800.00000000 0.20082656
73900.00000000 0.20081191
74000.00000000 0.20077027
74100.00000000 0.20079622
74200.00000000 0.20074124
74300.00000000 0.20080754
74400.00000000 0.20077957
74500.00000000 0.20079195
74600.00000000 0.20080429
74700.00000000 0.20081660
74800.00000000 0.20081551
74900.00000000 0.20085447
75000.00000000 0.20078667
75100.00000000 0.20074567
75200.00000000 0.20074468
75300.00000000 0.20075697
75400.00000000 0.20074271
75500.00000000 0.20071523
75600.00000000 0.20071429
75700.00000000 0.20072655
75800.00000000 0.20067282
75900.00000000 0.20067194
76000.00000000 0.20072368
76100.00000000 0.20077530
76200.00000000 0.20081365
76300.00000000 0.20087811
76400.00000000 0.20085079
76500.00000000 0.20094118
76600.00000000 0.20086162
76700.00000000 0.20084746
76800.00000000 0.20076823
76900.00000000 0.20081925
77000.00000000 0.20087013
77100.00000000 0.20081712
77200.00000000 0.20081606
77300.00000000 0.20075032
77400.00000000 0.20087855
77500.00000000 0.20094194
77600.00000000 0.20105670
77700.00000000 0.20110682
77800.00000000 0.20118252
77900.00000000 0.20118100
78000.00000000 0.20123077
78100.00000000 0.20113956
78200.00000000 0.20122762
78300.00000000 0.20120051
78400.00000000 0.20119898
78500.00000000 0.20117197
78600.00000000 0.20115776
78700.00000000 0.20116900
78800.00000000 0.20115482
78900.00000000 0.20117871
79000.00000000 0.20117722
79100.00000000 0.20121365
79200.00000000 0.20127525
79300.00000000 0.20119798
79400.00000000 0.20115869
79500.00000000 0.20114465
79600.00000000 0.20111809
79700.00000000 0.20124216
79800.00000000 0.20120301
79900.00000000 0.20118899
80000.00000000 0.20118750
80100.00000000 0.20124844
80200.00000000 0.20123441
80300.00000000 0.20134496
80400.00000000 0.20140547
80500.00000000 0.20134161
80600.00000000 0.20127792
80700.00000000 0.20135068
80800.00000000 0.20141089
80900.00000000 0.20140915
81000.00000000 0.20137037
81100.00000000 0.20134402
81200.00000000 0.20136700
81300.00000000 0.20135301
81400.00000000 0.20133907
81500.00000000 0.20132515
81600.00000000 0.20127451
81700.00000000 0.20117503
81800.00000000 0.20123472
81900.00000000 0.20123321
82000.00000000 0.20119512
82100.00000000 0.20129111
82200.00000000 0.20130170
82300.00000000 0.20126367
82400.00000000 0.20125000
82500.00000000 0.20122424
82600.00000000 0.20123487
82700.00000000 0.20125756
82800.00000000 0.20120773
82900.00000000 0.20118215
83000.00000000 0.20113253
83100.00000000 0.20109507
83200.00000000 0.20115385
83300.00000000 0.20118848
83400.00000000 0.20117506
83500.00000000 0.20110180
83600.00000000 0.20107656
83700.00000000 0.20111111
83800.00000000 0.20107399
83900.00000000 0.20109654
84000.00000000 0.20102381
84100.00000000 0.20108205
84200.00000000 0.20116390
84300.00000000 0.20111507
84400.00000000 0.20112559
84500.00000000 0.20114793
84600.00000000 0.20126478
84700.00000000 0.20122786
84800.00000000 0.20128538
84900.00000000 0.20126031
85000.00000000 0.20120000
85100.00000000 0.20121034
85200.00000000 0.20118545
85300.00000000 0.20119578
85400.00000000 0.20131148
85500.00000000 0.20135673
85600.00000000 0.20129673
85700.00000000 0.20122520
85800.00000000 0.20121212
85900.00000000 0.20135041
86000.00000000 0.20134884
86100.00000000 0.20132404
86200.00000000 0.20124130
86300.00000000 0.20135574
86400.00000000 0.20131944
86500.00000000 0.20134104
86600.00000000 0.20138568
86700.00000000 0.20147636
86800.00000000 0.20149770
86900.00000000 0.20146145
87000.00000000 0.20147126
87100.00000000 0.20142365
87200.00000000 0.20145642
87300.00000000 0.20148912
87400.00000000 0.20146453
87500.00000000 0.20146286
87600.00000000 0.20146119
87700.00000000 0.20147092
87800.00000000 0.20142369
87900.00000000 0.20134243
88000.00000000 0.20135227
88100.00000000 0.20130533
88200.00000000 0.20131519
88300.00000000 0.20132503
88400.00000000 0.20136878
88500.00000000 0.20138983
88600.00000000 0.20130926
88700.00000000 0.20134160
88800.00000000 0.20130631
88900.00000000 0.20130484
89000.00000000 0.20130337
89100.00000000 0.20123457
89200.00000000 0.20122197
89300.00000000 0.20116461
89400.00000000 0.20124161
89500.00000000 0.20127374
89600.00000000 0.20120536
89700.00000000 0.20122631
89800.00000000 0.20124722
89900.00000000 0.20119021
90000.00000000 0.20122222
90100.00000000 0.20126526
90200.00000000 0.20128603
90300.00000000 0.20128461
90400.00000000 0.20122788
90500.00000000 0.20120442
90600.00000000 0.20130243
90700.00000000 0.20142227
90800.00000000 0.20140969
90900.00000000 0.20135314
91000.00000000 0.20148352
91100.00000000 0.20148189
91200.00000000 0.20155702
91300.00000000 0.20152245
91400.00000000 0.20157549
91500.00000000 0.20154098
91600.00000000 0.20148472
91700.00000000 0.20159215
91800.00000000 0.20154684
91900.00000000 0.20156692
92000.00000000 0.20160870
92100.00000000 0.20166124
92200.00000000 0.20170282
92300.00000000 0.20171181
92400.00000000 0.20165584
92500.00000000 0.20155676
92600.00000000 0.20157667
92700.00000000 0.20156419
92800.00000000 0.20151940
92900.00000000 0.20148547
93000.00000000 0.20139785
93100.00000000 0.20135338
93200.00000000 0.20137339
93300.00000000 0.20135048
93400.00000000 0.20134904
93500.00000000 0.20127273
93600.00000000 0.20119658
93700.00000000 0.20120598
93800.00000000 0.20111940
93900.00000000 0.20123536
94000.00000000 0.20129787
94100.00000000 0.20128587
94200.00000000 0.20130573
94300.00000000 0.20125133
94400.00000000 0.20116525
94500.00000000 0.20111111
94600.00000000 0.20108879
94700.00000000 0.20109820
94800.00000000 0.20116034
94900.00000000 0.20118019
95000.00000000 0.20120000
95100.00000000 0.20118822
95200.00000000 0.20121849
95300.00000000 0.20118573
95400.00000000 0.20122642
95500.00000000 0.20110995
95600.00000000 0.20103556
95700.00000000 0.20101358
95800.00000000 0.20096033
95900.00000000 0.20088634
96000.00000000 0.20093750
96100.00000000 0.20085328
96200.00000000 0.20088358
96300.00000000 0.20084112
96400.00000000 0.20076763
96500.00000000 0.20078756
96600.00000000 0.20074534
96700.00000000 0.20070321
96800.00000000 0.20072314
96900.00000000 0.20075335
97000.00000000 0.20071134
97100.00000000 0.20077240
97200.00000000 0.20073045
97300.00000000 0.20073998
97400.00000000 0.20070842
97500.00000000 0.20064615
97600.00000000 0.20071721
97700.00000000 0.20072671
97800.00000000 0.20076687
97900.00000000 0.20066394
98000.00000000 0.20066327
98100.00000000 0.20068298
98200.00000000 0.20071283
98300.00000000 0.20073245
98400.00000000 0.20072154
98500.00000000 0.20073096
98600.00000000 0.20070994
98700.00000000 0.20072948
98800.00000000 0.20075911
98900.00000000 0.20082912
99000.00000000 0.20086869
99100.00000000 0.20082745
99200.00000000 0.20088710
99300.00000000 0.20087613
99400.00000000 0.20088531
99500.00000000 0.20088442
99600.00000000 0.20085341
99700.00000000 0.20081244
99800.00000000 0.20079158
99900.00000000 0.20082082
100000.00000000 0.20084000
