100.00000000 0.22000000
200.00000000 0.19000000
300.00000000 0.20000000
400.00000000 0.20250000
500.00000000 0.19000000
600.00000000 0.19666667
700.00000000 0.19285714
800.00000000 0.19375000
900.00000000 0.18555556
1000.00000000 0.18900000
1100.00000000 0.19818182
1200.00000000 0.20166667
1300.00000000 0.20307692
1400.00000000 0.20142857
1500.00000000 0.20200000
1600.00000000 0.20187500
1700.00000000 0.20058824
1800.00000000 0.20500000
1900.00000000 0.20263158
2000.00000000 0.20150000
2100.00000000 0.20047619
2200.00000000 0.19863636
2300.00000000 0.20086957
2400.00000000 0.20166667
2500.00000000 0.20240000
2600.00000000 0.20538462
2700.00000000 0.20444444
2800.00000000 0.20678571
2900.00000000 0.20482759
3000.00000000 0.20300000
3100.00000000 0.20129032
3200.00000000 0.20250000
3300.00000000 0.20242424
3400.00000000 0.20058824
3500.00000000 0.20171429
3600.00000000 0.20111111
3700.00000000 0.20135135
3800.00000000 0.20184211
3900.00000000 0.20076923
4000.00000000 0.19975000
4100.00000000 0.19926829
4200.00000000 0.19880952
4300.00000000 0.20000000
4400.00000000 0.19727273
4500.00000000 0.19688889
4600.00000000 0.19847826
4700.00000000 0.19744681
4800.00000000 0.19770833
4900.00000000 0.19693878
5000.00000000 0.19720000
5100.00000000 0.19862745
5200.00000000 0.19884615
5300.00000000 0.19849057
5400.00000000 0.19777778
5500.00000000 0.19727273
5600.00000000 0.19732143
5700.00000000 0.19701754
5800.00000000 0.19775862
5900.00000000 0.19796610
6000.00000000 0.19850000
6100.00000000 0.19967213
6200.00000000 0.20000000
6300.00000000 0.19888889
6400.00000000 0.19812500
6500.00000000 0.19738462
6600.00000000 0.19772727
6700.00000000 0.19835821
6800.00000000 0.19823529
6900.00000000 0.19724638
7000.00000000 0.19657143
7100.00000000 0.19704225
7200.00000000 0.19722222
7300.00000000 0.19616438
7400.00000000 0.19527027
7500.00000000 0.19573333
7600.00000000 0.19605263
7700.00000000 0.19584416
7800.00000000 0.19692308
7900.00000000 0.19658228
8000.00000000 0.19675000
8100.00000000 0.19691358
8200.00000000 0.19731707
8300.00000000 0.19867470
8400.00000000 0.19845238
8500.00000000 0.19776471
8600.00000000 0.19790698
8700.00000000 0.19804598
8800.00000000 0.19818182
8900.00000000 0.19820225
9000.00000000 0.19722222
9100.00000000 0.19615385
9200.00000000 0.19673913
9300.00000000 0.19763441
9400.00000000 0.19851064
9500.00000000 0.19831579
9600.00000000 0.19833333
9700.00000000 0.19855670
9800.00000000 0.19867347
9900.00000000 0.19848485
10000.00000000 0.19840000
10100.00000000 0.19851485
10200.00000000 0.19872549
10300.00000000 0.19815534
10400.00000000 0.19788462
10500.00000000 0.19828571
10600.00000000 0.19811321
10700.00000000 0.19785047
10800.00000000 0.19731481
10900.00000000 0.19788991
11000.00000000 0.19854545
11100.00000000 0.19891892
11200.00000000 0.19892857
11300.00000000 0.19840708
11400.00000000 0.19824561
11500.00000000 0.19904348
11600.00000000 0.19862069
11700.00000000 0.19811966
11800.00000000 0.19830508
11900.00000000 0.19831933
12000.00000000 0.19816667
12100.00000000 0.19867769
12200.00000000 0.19893443
12300.00000000 0.19837398
12400.00000000 0.19879032
12500.00000000 0.19816000
12600.00000000 0.19857143
12700.00000000 0.19866142
12800.00000000 0.19914062
12900.00000000 0.19953488
13000.00000000 0.20023077
13100.00000000 0.20022901
13200.00000000 0.19984848
13300.00000000 0.19939850
13400.00000000 0.19985075
13500.00000000 0.20007407
13600.00000000 0.19977941
13700.00000000 0.20007299
13800.00000000 0.19992754
13900.00000000 0.19949640
14000.00000000 0.19957143
14100.00000000 0.19985816
14200.00000000 0.19971831
14300.00000000 0.19937063
14400.00000000 0.20000000
14500.00000000 0.19972414
14600.00000000 0.20041096
14700.00000000 0.19952381
14800.00000000 0.19959459
14900.00000000 0.19899329
15000.00000000 0.19860000
15100.00000000 0.19854305
15200.00000000 0.19927632
15300.00000000 0.19908497
15400.00000000 0.19876623
15500.00000000 0.19890323
15600.00000000 0.19884615
15700.00000000 0.19859873
15800.00000000 0.19917722
15900.00000000 0.19949686
16000.00000000 0.19962500
16100.00000000 0.19975155
16200.00000000 0.20024691
16300.00000000 0.20024540
16400.00000000 0.20091463
16500.00000000 0.20103030
16600.00000000 0.20096386
16700.00000000 0.20131737
16800.00000000 0.20113095
16900.00000000 0.20130178
17000.00000000 0.20076471
17100.00000000 0.20087719
17200.00000000 0.20104651
17300.00000000 0.20121387
17400.00000000 0.20120690
17500.00000000 0.20182857
17600.00000000 0.20198864
17700.00000000 0.20180791
17800.00000000 0.20179775
17900.00000000 0.20189944
18000.00000000 0.20205556
18100.00000000 0.20187845
18200.00000000 0.20170330
18300.00000000 0.20207650
18400.00000000 0.20239130
18500.00000000 0.20237838
18600.00000000 0.20247312
18700.00000000 0.20219251
18800.00000000 0.20207447
18900.00000000 0.20211640
19000.00000000 0.20184211
19100.00000000 0.20183246
19200.00000000 0.20171875
19300.00000000 0.20170984
19400.00000000 0.20149485
19500.00000000 0.20133333
19600.00000000 0.20142857
19700.00000000 0.20152284
19800.00000000 0.20146465
19900.00000000 0.20125628
20000.00000000 0.20135000
20100.00000000 0.20144279
20200.00000000 0.20173267
20300.00000000 0.20177340
20400.00000000 0.20191176
20500.00000000 0.20160976
20600.00000000 0.20169903
20700.00000000 0.20135266
20800.00000000 0.20120192
20900.00000000 0.20119617
21000.00000000 0.20090476
21100.00000000 0.20090047
21200.00000000 0.20056604
21300.00000000 0.20046948
21400.00000000 0.20060748
21500.00000000 0.20041860
21600.00000000 0.20046296
21700.00000000 0.20055300
21800.00000000 0.20036697
21900.00000000 0.20041096
22000.00000000 0.20059091
22100.00000000 0.20054299
22200.00000000 0.20049550
22300.00000000 0.20076233
22400.00000000 0.20107143
22500.00000000 0.20115556
22600.00000000 0.20119469
22700.00000000 0.20118943
22800.00000000 0.20114035
22900.00000000 0.20122271
23000.00000000 0.20139130
23100.00000000 0.20138528
23200.00000000 0.20133621
23300.00000000 0.20141631
23400.00000000 0.20149573
23500.00000000 0.20144681
23600.00000000 0.20177966
23700.00000000 0.20156118
23800.00000000 0.20138655
23900.00000000 0.20133891
24000.00000000 0.20108333
24100.00000000 0.20112033
24200.00000000 0.20136364
24300.00000000 0.20115226
24400.00000000 0.20086066
24500.00000000 0.20126531
24600.00000000 0.20146341
24700.00000000 0.20137652
24800.00000000 0.20133065
24900.00000000 0.20116466
25000.00000000 0.20140000
25100.00000000 0.20135458
25200.00000000 0.20146825
25300.00000000 0.20154150
25400.00000000 0.20137795
25500.00000000 0.20141176
25600.00000000 0.20117188
25700.00000000 0.20089494
25800.00000000 0.20073643
25900.00000000 0.20077220
26000.00000000 0.20084615
26100.00000000 0.20068966
26200.00000000 0.20034351
26300.00000000 0.20045627
26400.00000000 0.20034091
26500.00000000 0.20045283
26600.00000000 0.20067669
26700.00000000 0.20052434
26800.00000000 0.20014925
26900.00000000 0.20029740
27000.00000000 0.20022222
27100.00000000 0.20025830
27200.00000000 0.20033088
27300.00000000 0.20054945
27400.00000000 0.20029197
27500.00000000 0.20040000
27600.00000000 0.20039855
27700.00000000 0.20039711
27800.00000000 0.20046763
27900.00000000 0.20057348
28000.00000000 0.20057143
28100.00000000 0.20060498
28200.00000000 0.20063830
28300.00000000 0.20067138
28400.00000000 0.20088028
28500.00000000 0.20080702
28600.00000000 0.20097902
28700.00000000 0.20104530
28800.00000000 0.20090278
28900.00000000 0.20096886
29000.00000000 0.20100000
29100.00000000 0.20103093
29200.00000000 0.20099315
29300.00000000 0.20088737
29400.00000000 0.20115646
29500.00000000 0.20115254
29600.00000000 0.20118243
29700.00000000 0.20097643
29800.00000000 0.20097315
29900.00000000 0.20080268
30000.00000000 0.20110000
30100.00000000 0.20106312
30200.00000000 0.20105960
30300.00000000 0.20099010
30400.00000000 0.20092105
30500.00000000 0.20101639
30600.00000000 0.20098039
30700.00000000 0.20100977
30800.00000000 0.20097403
30900.00000000 0.20110032
31000.00000000 0.20087097
31100.00000000 0.20083601
31200.00000000 0.20092949
31300.00000000 0.20102236
31400.00000000 0.20101911
31500.00000000 0.20095238
31600.00000000 0.20098101
31700.00000000 0.20097792
31800.00000000 0.20078616
31900.00000000 0.20094044
32000.00000000 0.20084375
32100.00000000 0.20080997
32200.00000000 0.20055901
32300.00000000 0.20034056
32400.00000000 0.20033951
32500.00000000 0.20043077
32600.00000000 0.20030675
32700.00000000 0.20021407
32800.00000000 0.20033537
32900.00000000 0.20018237
33000.00000000 0.20018182
33100.00000000 0.20036254
33200.00000000 0.20036145
33300.00000000 0.20042042
33400.00000000 0.20038922
33500.00000000 0.20032836
33600.00000000 0.20044643
33700.00000000 0.20044510
33800.00000000 0.20038462
33900.00000000 0.20044248
34000.00000000 0.20038235
34100.00000000 0.20038123
34200.00000000 0.20040936
34300.00000000 0.20037901
34400.00000000 0.20063953
34500.00000000 0.20069565
34600.00000000 0.20080925
34700.00000000 0.20069164
34800.00000000 0.20080460
34900.00000000 0.20094556
35000.00000000 0.20085714
35100.00000000 0.20079772
35200.00000000 0.20071023
35300.00000000 0.20048159
35400.00000000 0.20059322
35500.00000000 0.20050704
35600.00000000 0.20033708
35700.00000000 0.20022409
35800.00000000 0.20016760
35900.00000000 0.20008357
36000.00000000 0.19988889
36100.00000000 0.20002770
36200.00000000 0.19997238
36300.00000000 0.19997245
36400.00000000 0.19989011
36500.00000000 0.20002740
36600.00000000 0.20005464
36700.00000000 0.19997275
36800.00000000 0.19991848
36900.00000000 0.19986450
37000.00000000 0.19975676
37100.00000000 0.19970350
37200.00000000 0.19975806
37300.00000000 0.19959786
37400.00000000 0.19978610
37500.00000000 0.19965333
37600.00000000 0.19960106
37700.00000000 0.19968170
37800.00000000 0.19952381
37900.00000000 0.19941953
38000.00000000 0.19939474
38100.00000000 0.19976378
38200.00000000 0.19963351
38300.00000000 0.19966057
38400.00000000 0.19960938
38500.00000000 0.19971429
38600.00000000 0.19968912
38700.00000000 0.19966408
38800.00000000 0.19966495
38900.00000000 0.19961440
39000.00000000 0.19961538
39100.00000000 0.19964194
39200.00000000 0.19954082
39300.00000000 0.19941476
39400.00000000 0.19954315
39500.00000000 0.19954430
39600.00000000 0.19964646
39700.00000000 0.19959698
39800.00000000 0.19954774
39900.00000000 0.19977444
40000.00000000 0.19972500
40100.00000000 0.19972569
40200.00000000 0.19980100
40300.00000000 0.19965261
40400.00000000 0.19972772
40500.00000000 0.19975309
40600.00000000 0.20007389
40700.00000000 0.20002457
40800.00000000 0.20007353
40900.00000000 0.19992665
41000.00000000 0.20000000
41100.00000000 0.19995134
41200.00000000 0.19997573
41300.00000000 0.19995157
41400.00000000 0.20000000
41500.00000000 0.20002410
41600.00000000 0.20002404
41700.00000000 0.20019185
41800.00000000 0.20045455
41900.00000000 0.20062053
42000.00000000 0.20052381
42100.00000000 0.20071259
42200.00000000 0.20078199
42300.00000000 0.20080378
42400.00000000 0.20082547
42500.00000000 0.20077647
42600.00000000 0.20075117
42700.00000000 0.20058548
42800.00000000 0.20049065
42900.00000000 0.20044289
43000.00000000 0.20037209
43100.00000000 0.20039443
43200.00000000 0.20037037
43300.00000000 0.20048499
43400.00000000 0.20032258
43500.00000000 0.20032184
43600.00000000 0.20027523
43700.00000000 0.20018307
43800.00000000 0.20022831
43900.00000000 0.20027335
44000.00000000 0.20029545
44100.00000000 0.20043084
44200.00000000 0.20052036
44300.00000000 0.20060948
44400.00000000 0.20056306
44500.00000000 0.20049438
44600.00000000 0.20058296
44700.00000000 0.20038031
44800.00000000 0.20029018
44900.00000000 0.20040089
45000.00000000 0.20028889
45100.00000000 0.20024390
45200.00000000 0.20026549
45300.00000000 0.20028698
45400.00000000 0.20015419
45500.00000000 0.20017582
45600.00000000 0.20017544
45700.00000000 0.20026258
45800.00000000 0.20024017
45900.00000000 0.20026144
46000.00000000 0.20017391
46100.00000000 0.20008677
46200.00000000 0.20000000
46300.00000000 0.19991361
46400.00000000 0.19993534
46500.00000000 0.19991398
46600.00000000 0.19982833
46700.00000000 0.19976445
46800.00000000 0.19985043
46900.00000000 0.19993603
47000.00000000 0.20004255
47100.00000000 0.20004246
47200.00000000 0.19995763
47300.00000000 0.19991543
47400.00000000 0.19995781
47500.00000000 0.20010526
47600.00000000 0.20002101
47700.00000000 0.19997904
47800.00000000 0.20006276
47900.00000000 0.20008351
48000.00000000 0.20012500
48100.00000000 0.20004158
48200.00000000 0.19997925
48300.00000000 0.19995859
48400.00000000 0.20006198
48500.00000000 0.20002062
48600.00000000 0.20018519
48700.00000000 0.20020534
48800.00000000 0.20016393
48900.00000000 0.20030675
49000.00000000 0.20030612
49100.00000000 0.20024440
49200.00000000 0.20030488
49300.00000000 0.20028398
49400.00000000 0.20028340
49500.00000000 0.20034343
49600.00000000 0.20030242
49700.00000000 0.20042254
49800.00000000 0.20028112
49900.00000000 0.20032064
50000.00000000 0.20024000
50100.00000000 0.20019960
50200.00000000 0.20013944
50300.00000000 0.20011928
50400.00000000 0.20017857
50500.00000000 0.20033663
50600.00000000 0.20045455
50700.00000000 0.20027613
50800.00000000 0.20033465
50900.00000000 0.20031434
51000.00000000 0.20021569
51100.00000000 0.20029354
51200.00000000 0.20037109
51300.00000000 0.20019493
51400.00000000 0.20007782
51500.00000000 0.20001942
51600.00000000 0.19996124
51700.00000000 0.19996132
51800.00000000 0.20003861
51900.00000000 0.20005780
52000.00000000 0.20019231
52100.00000000 0.20007678
52200.00000000 0.20001916
52300.00000000 0.19996176
52400.00000000 0.19998092
52500.00000000 0.19992381
52600.00000000 0.19973384
52700.00000000 0.19962049
52800.00000000 0.19965909
52900.00000000 0.19975425
53000.00000000 0.19966038
53100.00000000 0.19954802
53200.00000000 0.19953008
53300.00000000 0.19951220
53400.00000000 0.19964419
53500.00000000 0.19971963
53600.00000000 0.19977612
53700.00000000 0.19973929
53800.00000000 0.19973978
53900.00000000 0.19972171
54000.00000000 0.19959259
54100.00000000 0.19953789
54200.00000000 0.19940959
54300.00000000 0.19939227
54400.00000000 0.19937500
54500.00000000 0.19924771
54600.00000000 0.19932234
54700.00000000 0.19928702
54800.00000000 0.19932482
54900.00000000 0.19923497
55000.00000000 0.19921818
55100.00000000 0.19918330
55200.00000000 0.19923913
55300.00000000 0.19916817
55400.00000000 0.19911552
55500.00000000 0.19902703
55600.00000000 0.19888489
55700.00000000 0.19879713
55800.00000000 0.19887097
55900.00000000 0.19903399
56000.00000000 0.19905357
56100.00000000 0.19896613
56200.00000000 0.19905694
56300.00000000 0.19891652
56400.00000000 0.19884752
56500.00000000 0.19888496
56600.00000000 0.19897527
56700.00000000 0.19904762
56800.00000000 0.19897887
56900.00000000 0.19898067
57000.00000000 0.19896491
57100.00000000 0.19880911
57200.00000000 0.19889860
57300.00000000 0.19893543
57400.00000000 0.19895470
57500.00000000 0.19893913
57600.00000000 0.19899306
57700.00000000 0.19896014
57800.00000000 0.19885813
57900.00000000 0.19887737
58000.00000000 0.19874138
58100.00000000 0.19877797
58200.00000000 0.19872852
58300.00000000 0.19861063
58400.00000000 0.19864726
58500.00000000 0.19870085
58600.00000000 0.19872014
58700.00000000 0.19867121
58800.00000000 0.19863946
58900.00000000 0.19850594
59000.00000000 0.19840678
59100.00000000 0.19830795
59200.00000000 0.19836149
59300.00000000 0.19846543
59400.00000000 0.19853535
59500.00000000 0.19858824
59600.00000000 0.19859060
59700.00000000 0.19860972
59800.00000000 0.19864548
59900.00000000 0.19868114
60000.00000000 0.19875000
60100.00000000 0.19876872
60200.00000000 0.19878738
60300.00000000 0.19872305
60400.00000000 0.19880795
60500.00000000 0.19894215
60600.00000000 0.19907591
60700.00000000 0.19912685
60800.00000000 0.19924342
60900.00000000 0.19931034
61000.00000000 0.19936066
61100.00000000 0.19942717
61200.00000000 0.19936275
61300.00000000 0.19951060
61400.00000000 0.19947883
61500.00000000 0.19943089
61600.00000000 0.19946429
61700.00000000 0.19944895
61800.00000000 0.19954693
61900.00000000 0.19956381
62000.00000000 0.19956452
62100.00000000 0.19964573
62200.00000000 0.19974277
62300.00000000 0.19967897
62400.00000000 0.19966346
62500.00000000 0.19958400
62600.00000000 0.19955272
62700.00000000 0.19958533
62800.00000000 0.19964968
62900.00000000 0.19976153
63000.00000000 0.19973016
63100.00000000 0.19976228
63200.00000000 0.19977848
63300.00000000 0.19987362
63400.00000000 0.19982650
63500.00000000 0.19971654
63600.00000000 0.19971698
63700.00000000 0.19959184
63800.00000000 0.19963950
63900.00000000 0.19971831
64000.00000000 0.19978125
64100.00000000 0.19965679
64200.00000000 0.19959502
64300.00000000 0.19967341
64400.00000000 0.19965839
64500.00000000 0.19972093
64600.00000000 0.19984520
64700.00000000 0.19992272
64800.00000000 0.19975309
64900.00000000 0.19976888
65000.00000000 0.19966154
65100.00000000 0.19960061
65200.00000000 0.19957055
65300.00000000 0.19950995
65400.00000000 0.19955657
65500.00000000 0.19972519
65600.00000000 0.19972561
65700.00000000 0.19961948
65800.00000000 0.19958967
65900.00000000 0.19960546
66000.00000000 0.19962121
66100.00000000 0.19954614
66200.00000000 0.19956193
66300.00000000 0.19960784
66400.00000000 0.19966867
66500.00000000 0.19971429
66600.00000000 0.19963964
66700.00000000 0.19964018
66800.00000000 0.19967066
66900.00000000 0.19959641
67000.00000000 0.19970149
67100.00000000 0.19964232
67200.00000000 0.19959821
67300.00000000 0.19952452
67400.00000000 0.19964392
67500.00000000 0.19958519
67600.00000000 0.19952663
67700.00000000 0.19957164
67800.00000000 0.19976401
67900.00000000 0.19969072
68000.00000000 0.19969118
68100.00000000 0.19980910
68200.00000000 0.19989736
68300.00000000 0.19992679
68400.00000000 0.19995614
68500.00000000 0.19982482
68600.00000000 0.19978134
68700.00000000 0.19983988
68800.00000000 0.19988372
68900.00000000 0.19979681
69000.00000000 0.19985507
69100.00000000 0.19992764
69200.00000000 0.19982659
69300.00000000 0.19981241
69400.00000000 0.19974063
69500.00000000 0.19978417
69600.00000000 0.19977011
69700.00000000 0.19979914
69800.00000000 0.19988539
69900.00000000 0.19989986
70000.00000000 0.19995714
70100.00000000 0.19984308
70200.00000000 0.19987179
70300.00000000 0.19975818
70400.00000000 0.19971591
70500.00000000 0.19971631
70600.00000000 0.19963173
70700.00000000 0.19981612
70800.00000000 0.19980226
70900.00000000 0.19973202
71000.00000000 0.19961972
71100.00000000 0.19964838
71200.00000000 0.19960674
71300.00000000 0.19956522
71400.00000000 0.19957983
71500.00000000 0.19962238
71600.00000000 0.19959497
71700.00000000 0.19956764
71800.00000000 0.19952646
71900.00000000 0.19952712
72000.00000000 0.19947222
72100.00000000 0.19945908
72200.00000000 0.19948753
72300.00000000 0.19954357
72400.00000000 0.19966851
72500.00000000 0.19962759
72600.00000000 0.19962810
72700.00000000 0.19957359
72800.00000000 0.19947802
72900.00000000 0.19932785
73000.00000000 0.19920548
73100.00000000 0.19922025
73200.00000000 0.19934426
73300.00000000 0.19938608
73400.00000000 0.19934605
73500.00000000 0.19946939
73600.00000000 0.19945652
73700.00000000 0.19953867
73800.00000000 0.19956640
73900.00000000 0.19959405
74000.00000000 0.19952703
74100.00000000 0.19950067
74200.00000000 0.19936658
74300.00000000 0.19928668
74400.00000000 0.19922043
74500.00000000 0.19924832
74600.00000000 0.19918231
74700.00000000 0.19908969
74800.00000000 0.19903743
74900.00000000 0.19913218
75000.00000000 0.19912000
75100.00000000 0.19912117
75200.00000000 0.19905585
75300.00000000 0.19922975
75400.00000000 0.19920424
75500.00000000 0.19925828
75600.00000000 0.19912698
75700.00000000 0.19920740
75800.00000000 0.19914248
75900.00000000 0.19911726
76000.00000000 0.19919737
76100.00000000 0.19918528
76200.00000000 0.19923885
76300.00000000 0.19929227
76400.00000000 0.19922775
76500.00000000 0.19921569
76600.00000000 0.19921671
76700.00000000 0.19924381
76800.00000000 0.19921875
76900.00000000 0.19920676
77000.00000000 0.19916883
77100.00000000 0.19919585
77200.00000000 0.19913212
77300.00000000 0.19908150
77400.00000000 0.19909561
77500.00000000 0.19909677
77600.00000000 0.19913660
77700.00000000 0.19920206
77800.00000000 0.19913882
77900.00000000 0.19915276
78000.00000000 0.19924359
78100.00000000 0.19928297
78200.00000000 0.19929668
78300.00000000 0.19925926
78400.00000000 0.19922194
78500.00000000 0.19933758
78600.00000000 0.19941476
78700.00000000 0.19941550
78800.00000000 0.19934010
78900.00000000 0.19940431
79000.00000000 0.19937975
79100.00000000 0.19941846
79200.00000000 0.19949495
79300.00000000 0.19947037
79400.00000000 0.19944584
79500.00000000 0.19947170
79600.00000000 0.19944724
79700.00000000 0.19951066
79800.00000000 0.19957393
79900.00000000 0.19959950
80000.00000000 0.19960000
80100.00000000 0.19953808
80200.00000000 0.19965087
80300.00000000 0.19968867
80400.00000000 0.19961443
80500.00000000 0.19962733
80600.00000000 0.19962779
80700.00000000 0.19966543
80800.00000000 0.19965347
80900.00000000 0.19969098
81000.00000000 0.19969136
81100.00000000 0.19974106
81200.00000000 0.19971675
81300.00000000 0.19965560
81400.00000000 0.19960688
81500.00000000 0.19960736
81600.00000000 0.19964461
81700.00000000 0.19959608
81800.00000000 0.19959658
81900.00000000 0.19957265
82000.00000000 0.19953659
82100.00000000 0.19963459
82200.00000000 0.19962287
82300.00000000 0.19967193
82400.00000000 0.19962379
82500.00000000 0.19957576
82600.00000000 0.19951574
82700.00000000 0.19948005
82800.00000000 0.19951691
82900.00000000 0.19950543
83000.00000000 0.19948193
83100.00000000 0.19945848
83200.00000000 0.19945913
83300.00000000 0.19947179
83400.00000000 0.19953237
83500.00000000 0.19947305
83600.00000000 0.19942584
83700.00000000 0.19936679
83800.00000000 0.19936754
83900.00000000 0.19936830
84000.00000000 0.19929762
84100.00000000 0.19926278
84200.00000000 0.19919240
84300.00000000 0.19912218
84400.00000000 0.19902844
84500.00000000 0.19908876
84600.00000000 0.19913712
84700.00000000 0.19913813
84800.00000000 0.19909198
84900.00000000 0.19911661
85000.00000000 0.19914118
85100.00000000 0.19921269
85200.00000000 0.19922535
85300.00000000 0.19927315
85400.00000000 0.19929742
85500.00000000 0.19927485
85600.00000000 0.19924065
85700.00000000 0.19917153
85800.00000000 0.19920746
85900.00000000 0.19909197
86000.00000000 0.19910465
86100.00000000 0.19910569
86200.00000000 0.19906032
86300.00000000 0.19907300
86400.00000000 0.19901620
86500.00000000 0.19900578
86600.00000000 0.19901848
86700.00000000 0.19893887
86800.00000000 0.19908986
86900.00000000 0.19907940
87000.00000000 0.19903448
87100.00000000 0.19902411
87200.00000000 0.19896789
87300.00000000 0.19895762
87400.00000000 0.19890160
87500.00000000 0.19894857
87600.00000000 0.19892694
87700.00000000 0.19895097
87800.00000000 0.19900911
87900.00000000 0.19904437
88000.00000000 0.19909091
88100.00000000 0.19909194
88200.00000000 0.19907029
88300.00000000 0.19910532
88400.00000000 0.19907240
88500.00000000 0.19905085
88600.00000000 0.19918736
88700.00000000 0.19915445
88800.00000000 0.19905405
88900.00000000 0.19898763
89000.00000000 0.19898876
89100.00000000 0.19898990
89200.00000000 0.19904709
89300.00000000 0.19905935
89400.00000000 0.19910515
89500.00000000 0.19912849
89600.00000000 0.19910714
89700.00000000 0.19911929
89800.00000000 0.19917595
89900.00000000 0.19917686
90000.00000000 0.19922222
90100.00000000 0.19918979
90200.00000000 0.19922395
90300.00000000 0.19924695
90400.00000000 0.19923673
90500.00000000 0.19913812
90600.00000000 0.19910596
90700.00000000 0.19909592
90800.00000000 0.19907489
90900.00000000 0.19902090
91000.00000000 0.19900000
91100.00000000 0.19895719
91200.00000000 0.19906798
91300.00000000 0.19905805
91400.00000000 0.19908096
91500.00000000 0.19915847
91600.00000000 0.19923581
91700.00000000 0.19930207
91800.00000000 0.19929194
91900.00000000 0.19921654
92000.00000000 0.19922826
92100.00000000 0.19930510
92200.00000000 0.19936009
92300.00000000 0.19934995
92400.00000000 0.19941558
92500.00000000 0.19943784
92600.00000000 0.19940605
92700.00000000 0.19946063
92800.00000000 0.19940733
92900.00000000 0.19948332
93000.00000000 0.19947312
93100.00000000 0.19951665
93200.00000000 0.19948498
93300.00000000 0.19945338
93400.00000000 0.19953961
93500.00000000 0.19950802
93600.00000000 0.19949786
93700.00000000 0.19953042
93800.00000000 0.19952026
93900.00000000 0.19944622
94000.00000000 0.19945745
94100.00000000 0.19943677
94200.00000000 0.19944798
94300.00000000 0.19943796
94400.00000000 0.19939619
94500.00000000 0.19936508
94600.00000000 0.19937632
94700.00000000 0.19936642
94800.00000000 0.19947257
94900.00000000 0.19949420
95000.00000000 0.19953684
95100.00000000 0.19955836
95200.00000000 0.19952731
95300.00000000 0.19951731
95400.00000000 0.19951782
95500.00000000 0.19948691
95600.00000000 0.19949791
95700.00000000 0.19951933
95800.00000000 0.19954071
95900.00000000 0.19954119
96000.00000000 0.19950000
96100.00000000 0.19953174
96200.00000000 0.19954262
96300.00000000 0.19944964
96400.00000000 0.19933610
96500.00000000 0.19931606
96600.00000000 0.19929607
96700.00000000 0.19926577
96800.00000000 0.19923554
96900.00000000 0.19920537
97000.00000000 0.19920619
97100.00000000 0.19919670
97200.00000000 0.19910494
97300.00000000 0.19913669
97400.00000000 0.19912731
97500.00000000 0.19907692
97600.00000000 0.19909836
97700.00000000 0.19918117
97800.00000000 0.19924335
97900.00000000 0.19926456
98000.00000000 0.19925510
98100.00000000 0.19920489
98200.00000000 0.19915479
98300.00000000 0.19910478
98400.00000000 0.19915650
98500.00000000 0.19920812
98600.00000000 0.19917850
98700.00000000 0.19907801
98800.00000000 0.19914980
98900.00000000 0.19917088
99000.00000000 0.19921212
99100.00000000 0.19917255
99200.00000000 0.19915323
99300.00000000 0.19911380
99400.00000000 0.19909457
99500.00000000 0.19908543
99600.00000000 0.19913655
99700.00000000 0.19917753
99800.00000000 0.19913828
99900.00000000 0.19911912
100000.00000000 0.19911000
