100.00000000 0.21000000
200.00000000 0.19000000
300.00000000 0.19666667
400.00000000 0.20000000
500.00000000 0.18200000
600.00000000 0.18833333
700.00000000 0.19142857
800.00000000 0.18500000
900.00000000 0.18000000
1000.00000000 0.18200000
1100.00000000 0.18272727
1200.00000000 0.18916667
1300.00000000 0.19000000
1400.00000000 0.19928571
1500.00000000 0.19533333
1600.00000000 0.19875000
1700.00000000 0.19647059
1800.00000000 0.19611111
1900.00000000 0.19789474
2000.00000000 0.19650000
2100.00000000 0.19761905
2200.00000000 0.19409091
2300.00000000 0.19434783
2400.00000000 0.19541667
2500.00000000 0.19840000
2600.00000000 0.20038462
2700.00000000 0.20111111
2800.00000000 0.20107143
2900.00000000 0.20275862
3000.00000000 0.20133333
3100.00000000 0.19967742
3200.00000000 0.19937500
3300.00000000 0.19878788
3400.00000000 0.19911765
3500.00000000 0.19942857
3600.00000000 0.19722222
3700.00000000 0.19783784
3800.00000000 0.19710526
3900.00000000 0.19769231
4000.00000000 0.19850000
4100.00000000 0.19853659
4200.00000000 0.19761905
4300.00000000 0.19837209
4400.00000000 0.19818182
4500.00000000 0.19777778
4600.00000000 0.19760870
4700.00000000 0.19638298
4800.00000000 0.19541667
4900.00000000 0.19530612
5000.00000000 0.19600000
5100.00000000 0.19647059
5200.00000000 0.19769231
5300.00000000 0.19754717
5400.00000000 0.19703704
5500.00000000 0.19654545
5600.00000000 0.19678571
5700.00000000 0.19754386
5800.00000000 0.19724138
5900.00000000 0.19728814
6000.00000000 0.19700000
6100.00000000 0.19934426
6200.00000000 0.19983871
6300.00000000 0.20111111
6400.00000000 0.20031250
6500.00000000 0.20015385
6600.00000000 0.20151515
6700.00000000 0.20208955
6800.00000000 0.20147059
6900.00000000 0.20130435
7000.00000000 0.20085714
7100.00000000 0.20197183
7200.00000000 0.20097222
7300.00000000 0.20000000
7400.00000000 0.19972973
7500.00000000 0.19946667
7600.00000000 0.19868421
7700.00000000 0.19948052
7800.00000000 0.20000000
7900.00000000 0.20050633
8000.00000000 0.19937500
8100.00000000 0.19950617
8200.00000000 0.20121951
8300.00000000 0.20168675
8400.00000000 0.20130952
8500.00000000 0.20105882
8600.00000000 0.20116279
8700.00000000 0.20080460
8800.00000000 0.20045455
8900.00000000 0.19943820
9000.00000000 0.19866667
9100.00000000 0.19901099
9200.00000000 0.19913043
9300.00000000 0.20043011
9400.00000000 0.20031915
9500.00000000 0.20063158
9600.00000000 0.20041667
9700.00000000 0.20041237
9800.00000000 0.20051020
9900.00000000 0.19989899
10000.00000000 0.20000000
10100.00000000 0.20049505
10200.00000000 0.20029412
10300.00000000 0.19961165
10400.00000000 0.19951923
10500.00000000 0.19980952
10600.00000000 0.20000000
10700.00000000 0.20000000
10800.00000000 0.19935185
10900.00000000 0.20018349
11000.00000000 0.20036364
11100.00000000 0.20018018
11200.00000000 0.20000000
11300.00000000 0.20000000
11400.00000000 0.20035088
11500.00000000 0.20052174
11600.00000000 0.20017241
11700.00000000 0.19940171
11800.00000000 0.19923729
11900.00000000 0.19932773
12000.00000000 0.20000000
12100.00000000 0.20000000
12200.00000000 0.19975410
12300.00000000 0.19975610
12400.00000000 0.19991935
12500.00000000 0.19936000
12600.00000000 0.19912698
12700.00000000 0.19960630
12800.00000000 0.19976563
12900.00000000 0.19992248
13000.00000000 0.19969231
13100.00000000 0.19977099
13200.00000000 0.19924242
13300.00000000 0.19887218
13400.00000000 0.19865672
13500.00000000 0.19874074
13600.00000000 0.19830882
13700.00000000 0.19839416
13800.00000000 0.19840580
13900.00000000 0.19798561
14000.00000000 0.19792857
14100.00000000 0.19836879
14200.00000000 0.19816901
14300.00000000 0.19832168
14400.00000000 0.19902778
14500.00000000 0.19937931
14600.00000000 0.19965753
14700.00000000 0.19945578
14800.00000000 0.19891892
14900.00000000 0.19859060
15000.00000000 0.19846667
15100.00000000 0.19821192
15200.00000000 0.19822368
15300.00000000 0.19836601
15400.00000000 0.19818182
15500.00000000 0.19819355
15600.00000000 0.19833333
15700.00000000 0.19815287
15800.00000000 0.19860759
15900.00000000 0.19855346
16000.00000000 0.19893750
16100.00000000 0.19906832
16200.00000000 0.19919753
16300.00000000 0.19938650
16400.00000000 0.19957317
16500.00000000 0.19987879
16600.00000000 0.20006024
16700.00000000 0.19994012
16800.00000000 0.20053571
16900.00000000 0.20059172
17000.00000000 0.20076471
17100.00000000 0.20046784
17200.00000000 0.20046512
17300.00000000 0.20115607
17400.00000000 0.20143678
17500.00000000 0.20142857
17600.00000000 0.20198864
17700.00000000 0.20186441
17800.00000000 0.20179775
17900.00000000 0.20173184
18000.00000000 0.20205556
18100.00000000 0.20215470
18200.00000000 0.20225275
18300.00000000 0.20267760
18400.00000000 0.20298913
18500.00000000 0.20308108
18600.00000000 0.20317204
18700.00000000 0.20288770
18800.00000000 0.20287234
18900.00000000 0.20269841
19000.00000000 0.20284211
19100.00000000 0.20267016
19200.00000000 0.20250000
19300.00000000 0.20243523
19400.00000000 0.20221649
19500.00000000 0.20205128
19600.00000000 0.20193878
19700.00000000 0.20172589
19800.00000000 0.20171717
19900.00000000 0.20180905
20000.00000000 0.20185000
20100.00000000 0.20189055
20200.00000000 0.20183168
20300.00000000 0.20182266
20400.00000000 0.20171569
20500.00000000 0.20170732
20600.00000000 0.20179612
20700.00000000 0.20164251
20800.00000000 0.20158654
20900.00000000 0.20124402
21000.00000000 0.20104762
21100.00000000 0.20151659
21200.00000000 0.20117925
21300.00000000 0.20131455
21400.00000000 0.20126168
21500.00000000 0.20125581
21600.00000000 0.20106481
21700.00000000 0.20115207
21800.00000000 0.20146789
21900.00000000 0.20141553
22000.00000000 0.20150000
22100.00000000 0.20185520
22200.00000000 0.20180180
22300.00000000 0.20147982
22400.00000000 0.20165179
22500.00000000 0.20186667
22600.00000000 0.20172566
22700.00000000 0.20189427
22800.00000000 0.20201754
22900.00000000 0.20213974
23000.00000000 0.20230435
23100.00000000 0.20203463
23200.00000000 0.20193966
23300.00000000 0.20201717
23400.00000000 0.20239316
23500.00000000 0.20259574
23600.00000000 0.20258475
23700.00000000 0.20240506
23800.00000000 0.20201681
23900.00000000 0.20184100
24000.00000000 0.20191667
24100.00000000 0.20207469
24200.00000000 0.20190083
24300.00000000 0.20181070
24400.00000000 0.20217213
24500.00000000 0.20200000
24600.00000000 0.20207317
24700.00000000 0.20210526
24800.00000000 0.20209677
24900.00000000 0.20232932
25000.00000000 0.20212000
25100.00000000 0.20187251
25200.00000000 0.20194444
25300.00000000 0.20185771
25400.00000000 0.20177165
25500.00000000 0.20192157
25600.00000000 0.20160156
25700.00000000 0.20151751
25800.00000000 0.20155039
25900.00000000 0.20154440
26000.00000000 0.20146154
26100.00000000 0.20168582
26200.00000000 0.20152672
26300.00000000 0.20148289
26400.00000000 0.20155303
26500.00000000 0.20162264
26600.00000000 0.20142857
26700.00000000 0.20138577
26800.00000000 0.20145522
26900.00000000 0.20152416
27000.00000000 0.20162963
27100.00000000 0.20173432
27200.00000000 0.20165441
27300.00000000 0.20146520
27400.00000000 0.20167883
27500.00000000 0.20174545
27600.00000000 0.20166667
27700.00000000 0.20194946
27800.00000000 0.20208633
27900.00000000 0.20172043
28000.00000000 0.20196429
28100.00000000 0.20195730
28200.00000000 0.20216312
28300.00000000 0.20212014
28400.00000000 0.20200704
28500.00000000 0.20203509
28600.00000000 0.20213287
28700.00000000 0.20202091
28800.00000000 0.20225694
28900.00000000 0.20242215
29000.00000000 0.20210345
29100.00000000 0.20216495
29200.00000000 0.20205479
29300.00000000 0.20191126
29400.00000000 0.20193878
29500.00000000 0.20200000
29600.00000000 0.20175676
29700.00000000 0.20168350
29800.00000000 0.20154362
29900.00000000 0.20197324
30000.00000000 0.20183333
30100.00000000 0.20196013
30200.00000000 0.20211921
30300.00000000 0.20194719
30400.00000000 0.20174342
30500.00000000 0.20183607
30600.00000000 0.20209150
30700.00000000 0.20201954
30800.00000000 0.20211039
30900.00000000 0.20207120
31000.00000000 0.20203226
31100.00000000 0.20199357
31200.00000000 0.20185897
31300.00000000 0.20185304
31400.00000000 0.20197452
31500.00000000 0.20209524
31600.00000000 0.20196203
31700.00000000 0.20186120
31800.00000000 0.20182390
31900.00000000 0.20166144
32000.00000000 0.20140625
32100.00000000 0.20149533
32200.00000000 0.20139752
32300.00000000 0.20142415
32400.00000000 0.20123457
32500.00000000 0.20113846
32600.00000000 0.20125767
32700.00000000 0.20113150
32800.00000000 0.20103659
32900.00000000 0.20091185
33000.00000000 0.20072727
33100.00000000 0.20096677
33200.00000000 0.20099398
33300.00000000 0.20087087
33400.00000000 0.20089820
33500.00000000 0.20101493
33600.00000000 0.20098214
33700.00000000 0.20080119
33800.00000000 0.20076923
33900.00000000 0.20076696
34000.00000000 0.20091176
34100.00000000 0.20096774
34200.00000000 0.20105263
34300.00000000 0.20113703
34400.00000000 0.20101744
34500.00000000 0.20107246
34600.00000000 0.20106936
34700.00000000 0.20138329
34800.00000000 0.20135057
34900.00000000 0.20117479
35000.00000000 0.20117143
35100.00000000 0.20133903
35200.00000000 0.20122159
35300.00000000 0.20099150
35400.00000000 0.20127119
35500.00000000 0.20112676
35600.00000000 0.20117978
35700.00000000 0.20114846
35800.00000000 0.20106145
35900.00000000 0.20105850
36000.00000000 0.20113889
36100.00000000 0.20108033
36200.00000000 0.20113260
36300.00000000 0.20112948
36400.00000000 0.20131868
36500.00000000 0.20134247
36600.00000000 0.20120219
36700.00000000 0.20111717
36800.00000000 0.20103261
36900.00000000 0.20097561
37000.00000000 0.20108108
37100.00000000 0.20094340
37200.00000000 0.20104839
37300.00000000 0.20099196
37400.00000000 0.20088235
37500.00000000 0.20098667
37600.00000000 0.20106383
37700.00000000 0.20103448
37800.00000000 0.20113757
37900.00000000 0.20139842
38000.00000000 0.20139474
38100.00000000 0.20131234
38200.00000000 0.20143979
38300.00000000 0.20133159
38400.00000000 0.20135417
38500.00000000 0.20135065
38600.00000000 0.20124352
38700.00000000 0.20121447
38800.00000000 0.20118557
38900.00000000 0.20125964
39000.00000000 0.20112821
39100.00000000 0.20115090
39200.00000000 0.20127551
39300.00000000 0.20129771
39400.00000000 0.20134518
39500.00000000 0.20151899
39600.00000000 0.20146465
39700.00000000 0.20143577
39800.00000000 0.20140704
39900.00000000 0.20135338
40000.00000000 0.20137500
40100.00000000 0.20117207
40200.00000000 0.20129353
40300.00000000 0.20126551
40400.00000000 0.20128713
40500.00000000 0.20128395
40600.00000000 0.20110837
40700.00000000 0.20098280
40800.00000000 0.20110294
40900.00000000 0.20110024
41000.00000000 0.20109756
41100.00000000 0.20102190
41200.00000000 0.20109223
41300.00000000 0.20111380
41400.00000000 0.20103865
41500.00000000 0.20132530
41600.00000000 0.20146635
41700.00000000 0.20151079
41800.00000000 0.20162679
41900.00000000 0.20155131
42000.00000000 0.20161905
42100.00000000 0.20161520
42200.00000000 0.20163507
42300.00000000 0.20158392
42400.00000000 0.20158019
42500.00000000 0.20145882
42600.00000000 0.20150235
42700.00000000 0.20152225
42800.00000000 0.20163551
42900.00000000 0.20167832
43000.00000000 0.20160465
43100.00000000 0.20155452
43200.00000000 0.20152778
43300.00000000 0.20166282
43400.00000000 0.20149770
43500.00000000 0.20158621
43600.00000000 0.20169725
43700.00000000 0.20167048
43800.00000000 0.20178082
43900.00000000 0.20175399
44000.00000000 0.20168182
44100.00000000 0.20176871
44200.00000000 0.20178733
44300.00000000 0.20180587
44400.00000000 0.20177928
44500.00000000 0.20166292
44600.00000000 0.20168161
44700.00000000 0.20161074
44800.00000000 0.20147321
44900.00000000 0.20138085
45000.00000000 0.20133333
45100.00000000 0.20137472
45200.00000000 0.20146018
45300.00000000 0.20147903
45400.00000000 0.20140969
45500.00000000 0.20140659
45600.00000000 0.20144737
45700.00000000 0.20146608
45800.00000000 0.20148472
45900.00000000 0.20141612
46000.00000000 0.20136957
46100.00000000 0.20151844
46200.00000000 0.20147186
46300.00000000 0.20149028
46400.00000000 0.20159483
46500.00000000 0.20165591
46600.00000000 0.20173820
46700.00000000 0.20179872
46800.00000000 0.20205128
46900.00000000 0.20194030
47000.00000000 0.20219149
47100.00000000 0.20218684
47200.00000000 0.20213983
47300.00000000 0.20205074
47400.00000000 0.20210970
47500.00000000 0.20229474
47600.00000000 0.20224790
47700.00000000 0.20228512
47800.00000000 0.20215481
47900.00000000 0.20217119
48000.00000000 0.20227083
48100.00000000 0.20222453
48200.00000000 0.20224066
48300.00000000 0.20229814
48400.00000000 0.20223140
48500.00000000 0.20226804
48600.00000000 0.20236626
48700.00000000 0.20238193
48800.00000000 0.20235656
48900.00000000 0.20237219
49000.00000000 0.20228571
49100.00000000 0.20246436
49200.00000000 0.20243902
49300.00000000 0.20239351
49400.00000000 0.20228745
49500.00000000 0.20228283
49600.00000000 0.20223790
49700.00000000 0.20221328
49800.00000000 0.20208835
49900.00000000 0.20204409
50000.00000000 0.20198000
50100.00000000 0.20193613
50200.00000000 0.20191235
50300.00000000 0.20178926
50400.00000000 0.20172619
50500.00000000 0.20178218
50600.00000000 0.20154150
50700.00000000 0.20163708
50800.00000000 0.20159449
50900.00000000 0.20166994
51000.00000000 0.20160784
51100.00000000 0.20160470
51200.00000000 0.20154297
51300.00000000 0.20153996
51400.00000000 0.20153696
51500.00000000 0.20161165
51600.00000000 0.20164729
51700.00000000 0.20160542
51800.00000000 0.20162162
51900.00000000 0.20156069
52000.00000000 0.20157692
52100.00000000 0.20153551
52200.00000000 0.20136015
52300.00000000 0.20122371
52400.00000000 0.20116412
52500.00000000 0.20135238
52600.00000000 0.20131179
52700.00000000 0.20121442
52800.00000000 0.20119318
52900.00000000 0.20117202
53000.00000000 0.20124528
53100.00000000 0.20139360
53200.00000000 0.20139098
53300.00000000 0.20144465
53400.00000000 0.20138577
53500.00000000 0.20142056
53600.00000000 0.20138060
53700.00000000 0.20126629
53800.00000000 0.20111524
53900.00000000 0.20115028
54000.00000000 0.20101852
54100.00000000 0.20101664
54200.00000000 0.20108856
54300.00000000 0.20106814
54400.00000000 0.20117647
54500.00000000 0.20124771
54600.00000000 0.20117216
54700.00000000 0.20115174
54800.00000000 0.20104015
54900.00000000 0.20102004
55000.00000000 0.20092727
55100.00000000 0.20076225
55200.00000000 0.20081522
55300.00000000 0.20094033
55400.00000000 0.20086643
55500.00000000 0.20084685
55600.00000000 0.20089928
55700.00000000 0.20111311
55800.00000000 0.20118280
55900.00000000 0.20132379
56000.00000000 0.20146429
56100.00000000 0.20151515
56200.00000000 0.20145907
56300.00000000 0.20134991
56400.00000000 0.20147163
56500.00000000 0.20150442
56600.00000000 0.20144876
56700.00000000 0.20151675
56800.00000000 0.20156690
56900.00000000 0.20154657
57000.00000000 0.20168421
57100.00000000 0.20157618
57200.00000000 0.20148601
57300.00000000 0.20143106
57400.00000000 0.20123693
57500.00000000 0.20120000
57600.00000000 0.20130208
57700.00000000 0.20124783
57800.00000000 0.20131488
57900.00000000 0.20134715
58000.00000000 0.20141379
58100.00000000 0.20125645
58200.00000000 0.20123711
58300.00000000 0.20109777
58400.00000000 0.20102740
58500.00000000 0.20097436
58600.00000000 0.20097270
58700.00000000 0.20098807
58800.00000000 0.20098639
58900.00000000 0.20100170
59000.00000000 0.20093220
59100.00000000 0.20104907
59200.00000000 0.20116554
59300.00000000 0.20123103
59400.00000000 0.20122896
59500.00000000 0.20122689
59600.00000000 0.20122483
59700.00000000 0.20122278
59800.00000000 0.20117057
59900.00000000 0.20126878
60000.00000000 0.20151667
60100.00000000 0.20164725
60200.00000000 0.20154485
60300.00000000 0.20145937
60400.00000000 0.20158940
60500.00000000 0.20170248
60600.00000000 0.20168317
60700.00000000 0.20186161
60800.00000000 0.20175987
60900.00000000 0.20174056
61000.00000000 0.20172131
61100.00000000 0.20165303
61200.00000000 0.20173203
61300.00000000 0.20184339
61400.00000000 0.20187296
61500.00000000 0.20190244
61600.00000000 0.20193182
61700.00000000 0.20200972
61800.00000000 0.20197411
61900.00000000 0.20200323
62000.00000000 0.20196774
62100.00000000 0.20193237
62200.00000000 0.20189711
62300.00000000 0.20200642
62400.00000000 0.20189103
62500.00000000 0.20190400
62600.00000000 0.20204473
62700.00000000 0.20191388
62800.00000000 0.20183121
62900.00000000 0.20182830
63000.00000000 0.20179365
63100.00000000 0.20172742
63200.00000000 0.20186709
63300.00000000 0.20191153
63400.00000000 0.20184543
63500.00000000 0.20179528
63600.00000000 0.20177673
63700.00000000 0.20185243
63800.00000000 0.20186520
63900.00000000 0.20181534
64000.00000000 0.20176563
64100.00000000 0.20180967
64200.00000000 0.20183801
64300.00000000 0.20180404
64400.00000000 0.20184783
64500.00000000 0.20181395
64600.00000000 0.20179567
64700.00000000 0.20177743
64800.00000000 0.20192901
64900.00000000 0.20187982
65000.00000000 0.20176923
65100.00000000 0.20175115
65200.00000000 0.20174847
65300.00000000 0.20179173
65400.00000000 0.20168196
65500.00000000 0.20166412
65600.00000000 0.20170732
65700.00000000 0.20168950
65800.00000000 0.20167173
65900.00000000 0.20168437
66000.00000000 0.20171212
66100.00000000 0.20167927
66200.00000000 0.20164653
66300.00000000 0.20156863
66400.00000000 0.20156627
66500.00000000 0.20151880
66600.00000000 0.20144144
66700.00000000 0.20136432
66800.00000000 0.20140719
66900.00000000 0.20139013
67000.00000000 0.20131343
67100.00000000 0.20128167
67200.00000000 0.20130952
67300.00000000 0.20138187
67400.00000000 0.20126113
67500.00000000 0.20118519
67600.00000000 0.20125740
67700.00000000 0.20127031
67800.00000000 0.20140118
67900.00000000 0.20148748
68000.00000000 0.20135294
68100.00000000 0.20124816
68200.00000000 0.20124633
68300.00000000 0.20128843
68400.00000000 0.20122807
68500.00000000 0.20119708
68600.00000000 0.20126822
68700.00000000 0.20113537
68800.00000000 0.20117733
68900.00000000 0.20117562
69000.00000000 0.20120290
69100.00000000 0.20130246
69200.00000000 0.20131503
69300.00000000 0.20128427
69400.00000000 0.20144092
69500.00000000 0.20142446
69600.00000000 0.20137931
69700.00000000 0.20139168
69800.00000000 0.20133238
69900.00000000 0.20128755
70000.00000000 0.20124286
70100.00000000 0.20125535
70200.00000000 0.20129630
70300.00000000 0.20136558
70400.00000000 0.20119318
70500.00000000 0.20116312
70600.00000000 0.20117564
70700.00000000 0.20120226
70800.00000000 0.20112994
70900.00000000 0.20118477
71000.00000000 0.20123944
71100.00000000 0.20120956
71200.00000000 0.20119382
71300.00000000 0.20117812
71400.00000000 0.20117647
71500.00000000 0.20118881
71600.00000000 0.20121508
71700.00000000 0.20135286
71800.00000000 0.20147632
71900.00000000 0.20140473
72000.00000000 0.20134722
72100.00000000 0.20144244
72200.00000000 0.20144044
72300.00000000 0.20138313
72400.00000000 0.20135359
72500.00000000 0.20135172
72600.00000000 0.20139118
72700.00000000 0.20134801
72800.00000000 0.20133242
72900.00000000 0.20134431
73000.00000000 0.20139726
73100.00000000 0.20151847
73200.00000000 0.20150273
73300.00000000 0.20158254
73400.00000000 0.20159401
73500.00000000 0.20153741
73600.00000000 0.20142663
73700.00000000 0.20135685
73800.00000000 0.20131436
73900.00000000 0.20128552
74000.00000000 0.20114865
74100.00000000 0.20105263
74200.00000000 0.20103774
74300.00000000 0.20106326
74400.00000000 0.20099462
74500.00000000 0.20088591
74600.00000000 0.20104558
74700.00000000 0.20100402
74800.00000000 0.20106952
74900.00000000 0.20098798
75000.00000000 0.20105333
75100.00000000 0.20099867
75200.00000000 0.20099734
75300.00000000 0.20099602
75400.00000000 0.20098143
75500.00000000 0.20096689
75600.00000000 0.20097884
75700.00000000 0.20093791
75800.00000000 0.20089710
75900.00000000 0.20083004
76000.00000000 0.20078947
76100.00000000 0.20084100
76200.00000000 0.20073491
76300.00000000 0.20066841
76400.00000000 0.20065445
76500.00000000 0.20074510
76600.00000000 0.20065274
76700.00000000 0.20059974
76800.00000000 0.20055990
76900.00000000 0.20053316
77000.00000000 0.20055844
77100.00000000 0.20051881
77200.00000000 0.20047927
77300.00000000 0.20046572
77400.00000000 0.20038760
77500.00000000 0.20045161
77600.00000000 0.20043814
77700.00000000 0.20048906
77800.00000000 0.20050129
77900.00000000 0.20050064
78000.00000000 0.20070513
78100.00000000 0.20072983
78200.00000000 0.20074169
78300.00000000 0.20070243
78400.00000000 0.20071429
78500.00000000 0.20066242
78600.00000000 0.20059796
78700.00000000 0.20060991
78800.00000000 0.20057107
78900.00000000 0.20057034
79000.00000000 0.20053165
79100.00000000 0.20055626
79200.00000000 0.20056818
79300.00000000 0.20060530
79400.00000000 0.20069270
79500.00000000 0.20065409
79600.00000000 0.20056533
79700.00000000 0.20056462
79800.00000000 0.20056391
79900.00000000 0.20055069
80000.00000000 0.20058750
80100.00000000 0.20056180
80200.00000000 0.20062344
80300.00000000 0.20066002
80400.00000000 0.20067164
80500.00000000 0.20069565
80600.00000000 0.20068238
80700.00000000 0.20075589
80800.00000000 0.20074257
80900.00000000 0.20072930
81000.00000000 0.20069136
81100.00000000 0.20069051
81200.00000000 0.20070197
81300.00000000 0.20082411
81400.00000000 0.20087224
81500.00000000 0.20080982
81600.00000000 0.20080882
81700.00000000 0.20080783
81800.00000000 0.20083130
81900.00000000 0.20076923
82000.00000000 0.20082927
82100.00000000 0.20075518
82200.00000000 0.20075426
82300.00000000 0.20081409
82400.00000000 0.20078883
82500.00000000 0.20076364
82600.00000000 0.20077482
82700.00000000 0.20074970
82800.00000000 0.20074879
82900.00000000 0.20084439
83000.00000000 0.20074699
83100.00000000 0.20077016
83200.00000000 0.20072115
83300.00000000 0.20082833
83400.00000000 0.20081535
83500.00000000 0.20081437
83600.00000000 0.20070574
83700.00000000 0.20069295
83800.00000000 0.20068019
83900.00000000 0.20072706
84000.00000000 0.20066667
84100.00000000 0.20067776
84200.00000000 0.20062945
84300.00000000 0.20073547
84400.00000000 0.20069905
84500.00000000 0.20074556
84600.00000000 0.20070922
84700.00000000 0.20067296
84800.00000000 0.20069575
84900.00000000 0.20065960
85000.00000000 0.20068235
85100.00000000 0.20068155
85200.00000000 0.20070423
85300.00000000 0.20069168
85400.00000000 0.20066745
85500.00000000 0.20061988
85600.00000000 0.20063084
85700.00000000 0.20065344
85800.00000000 0.20064103
85900.00000000 0.20067520
86000.00000000 0.20063953
86100.00000000 0.20077816
86200.00000000 0.20085847
86300.00000000 0.20089224
86400.00000000 0.20081019
86500.00000000 0.20084393
86600.00000000 0.20090069
86700.00000000 0.20080738
86800.00000000 0.20080645
86900.00000000 0.20084005
87000.00000000 0.20087356
87100.00000000 0.20087256
87200.00000000 0.20092890
87300.00000000 0.20100802
87400.00000000 0.20099542
87500.00000000 0.20102857
87600.00000000 0.20098174
87700.00000000 0.20100342
87800.00000000 0.20112756
87900.00000000 0.20114903
88000.00000000 0.20110227
88100.00000000 0.20106697
88200.00000000 0.20105442
88300.00000000 0.20105323
88400.00000000 0.20107466
88500.00000000 0.20109605
88600.00000000 0.20117381
88700.00000000 0.20120631
88800.00000000 0.20117117
88900.00000000 0.20127109
89000.00000000 0.20123596
89100.00000000 0.20131313
89200.00000000 0.20132287
89300.00000000 0.20123180
89400.00000000 0.20117450
89500.00000000 0.20122905
89600.00000000 0.20120536
89700.00000000 0.20117057
89800.00000000 0.20109131
89900.00000000 0.20110122
90000.00000000 0.20105556
90100.00000000 0.20104329
90200.00000000 0.20107539
90300.00000000 0.20111849
90400.00000000 0.20116150
90500.00000000 0.20116022
90600.00000000 0.20118102
90700.00000000 0.20125689
90800.00000000 0.20132159
90900.00000000 0.20132013
91000.00000000 0.20127473
91100.00000000 0.20135016
91200.00000000 0.20142544
91300.00000000 0.20142388
91400.00000000 0.20136761
91500.00000000 0.20136612
91600.00000000 0.20132096
91700.00000000 0.20127590
91800.00000000 0.20140523
91900.00000000 0.20131665
92000.00000000 0.20127174
92100.00000000 0.20121607
92200.00000000 0.20124729
92300.00000000 0.20121343
92400.00000000 0.20122294
92500.00000000 0.20123243
92600.00000000 0.20132829
92700.00000000 0.20125135
92800.00000000 0.20126078
92900.00000000 0.20121636
93000.00000000 0.20116129
93100.00000000 0.20111708
93200.00000000 0.20105150
93300.00000000 0.20109325
93400.00000000 0.20112420
93500.00000000 0.20104813
93600.00000000 0.20107906
93700.00000000 0.20094984
93800.00000000 0.20094883
93900.00000000 0.20095847
94000.00000000 0.20092553
94100.00000000 0.20095643
94200.00000000 0.20096603
94300.00000000 0.20099682
94400.00000000 0.20101695
94500.00000000 0.20094180
94600.00000000 0.20088795
94700.00000000 0.20086589
94800.00000000 0.20086498
94900.00000000 0.20077977
95000.00000000 0.20087368
95100.00000000 0.20095689
95200.00000000 0.20093487
95300.00000000 0.20094439
95400.00000000 0.20092243
95500.00000000 0.20099476
95600.00000000 0.20099372
95700.00000000 0.20091954
95800.00000000 0.20085595
95900.00000000 0.20077164
96000.00000000 0.20073958
96100.00000000 0.20081165
96200.00000000 0.20068607
96300.00000000 0.20058152
96400.00000000 0.20053942
96500.00000000 0.20047668
96600.00000000 0.20045549
96700.00000000 0.20038263
96800.00000000 0.20043388
96900.00000000 0.20039216
97000.00000000 0.20044330
97100.00000000 0.20052523
97200.00000000 0.20054527
97300.00000000 0.20060637
97400.00000000 0.20057495
97500.00000000 0.20058462
97600.00000000 0.20049180
97700.00000000 0.20052201
97800.00000000 0.20052147
97900.00000000 0.20054137
98000.00000000 0.20042857
98100.00000000 0.20042813
98200.00000000 0.20048880
98300.00000000 0.20047813
98400.00000000 0.20052846
98500.00000000 0.20050761
98600.00000000 0.20051724
98700.00000000 0.20055724
98800.00000000 0.20055668
98900.00000000 0.20056623
99000.00000000 0.20067677
99100.00000000 0.20069627
99200.00000000 0.20062500
99300.00000000 0.20061430
99400.00000000 0.20065392
99500.00000000 0.20068342
99600.00000000 0.20070281
99700.00000000 0.20070211
99800.00000000 0.20072144
99900.00000000 0.20071071
100000.00000000 0.20064000
