100.00000000 0.22000000
200.00000000 0.19000000
300.00000000 0.19333333
400.00000000 0.19750000
500.00000000 0.18800000
600.00000000 0.19000000
700.00000000 0.19428571
800.00000000 0.19125000
900.00000000 0.18777778
1000.00000000 0.19400000
1100.00000000 0.19454545
1200.00000000 0.19833333
1300.00000000 0.19538462
1400.00000000 0.19642857
1500.00000000 0.20333333
1600.00000000 0.20062500
1700.00000000 0.19941176
1800.00000000 0.20000000
1900.00000000 0.19894737
2000.00000000 0.19700000
2100.00000000 0.20047619
2200.00000000 0.19681818
2300.00000000 0.19391304
2400.00000000 0.19250000
2500.00000000 0.19560000
2600.00000000 0.19730769
2700.00000000 0.20074074
2800.00000000 0.19892857
2900.00000000 0.19793103
3000.00000000 0.19833333
3100.00000000 0.19903226
3200.00000000 0.19718750
3300.00000000 0.19696970
3400.00000000 0.19823529
3500.00000000 0.19714286
3600.00000000 0.19694444
3700.00000000 0.19648649
3800.00000000 0.19447368
3900.00000000 0.19615385
4000.00000000 0.19700000
4100.00000000 0.19756098
4200.00000000 0.19666667
4300.00000000 0.19674419
4400.00000000 0.19636364
4500.00000000 0.19577778
4600.00000000 0.19521739
4700.00000000 0.19468085
4800.00000000 0.19333333
4900.00000000 0.19265306
5000.00000000 0.19180000
5100.00000000 0.19294118
5200.00000000 0.19403846
5300.00000000 0.19433962
5400.00000000 0.19370370
5500.00000000 0.19345455
5600.00000000 0.19357143
5700.00000000 0.19350877
5800.00000000 0.19310345
5900.00000000 0.19305085
6000.00000000 0.19366667
6100.00000000 0.19311475
6200.00000000 0.19532258
6300.00000000 0.19571429
6400.00000000 0.19609375
6500.00000000 0.19553846
6600.00000000 0.19621212
6700.00000000 0.19626866
6800.00000000 0.19720588
6900.00000000 0.19681159
7000.00000000 0.19585714
7100.00000000 0.19521127
7200.00000000 0.19583333
7300.00000000 0.19547945
7400.00000000 0.19486486
7500.00000000 0.19493333
7600.00000000 0.19539474
7700.00000000 0.19532468
7800.00000000 0.19487179
7900.00000000 0.19493671
8000.00000000 0.19375000
8100.00000000 0.19345679
8200.00000000 0.19451220
8300.00000000 0.19518072
8400.00000000 0.19488095
8500.00000000 0.19505882
8600.00000000 0.19453488
8700.00000000 0.19379310
8800.00000000 0.19409091
8900.00000000 0.19471910
9000.00000000 0.19444444
9100.00000000 0.19417582
9200.00000000 0.19304348
9300.00000000 0.19268817
9400.00000000 0.19276596
9500.00000000 0.19326316
9600.00000000 0.19385417
9700.00000000 0.19340206
9800.00000000 0.19377551
9900.00000000 0.19353535
10000.00000000 0.19360000
10100.00000000 0.19356436
10200.00000000 0.19303922
10300.00000000 0.19388350
10400.00000000 0.19442308
10500.00000000 0.19466667
10600.00000000 0.19443396
10700.00000000 0.19439252
10800.00000000 0.19481481
10900.00000000 0.19495413
11000.00000000 0.19481818
11100.00000000 0.19549550
11200.00000000 0.19660714
11300.00000000 0.19672566
11400.00000000 0.19666667
11500.00000000 0.19643478
11600.00000000 0.19689655
11700.00000000 0.19683761
11800.00000000 0.19694915
11900.00000000 0.19638655
12000.00000000 0.19575000
12100.00000000 0.19561983
12200.00000000 0.19516393
12300.00000000 0.19544715
12400.00000000 0.19564516
12500.00000000 0.19568000
12600.00000000 0.19579365
12700.00000000 0.19543307
12800.00000000 0.19500000
12900.00000000 0.19519380
13000.00000000 0.19476923
13100.00000000 0.19511450
13200.00000000 0.19515152
13300.00000000 0.19541353
13400.00000000 0.19597015
13500.00000000 0.19562963
13600.00000000 0.19566176
13700.00000000 0.19532847
13800.00000000 0.19536232
13900.00000000 0.19503597
14000.00000000 0.19521429
14100.00000000 0.19475177
14200.00000000 0.19436620
14300.00000000 0.19433566
14400.00000000 0.19472222
14500.00000000 0.19441379
14600.00000000 0.19465753
14700.00000000 0.19482993
14800.00000000 0.19466216
14900.00000000 0.19510067
15000.00000000 0.19473333
15100.00000000 0.19476821
15200.00000000 0.19460526
15300.00000000 0.19437908
15400.00000000 0.19415584
15500.00000000 0.19451613
15600.00000000 0.19512821
15700.00000000 0.19496815
15800.00000000 0.19481013
15900.00000000 0.19496855
16000.00000000 0.19512500
16100.00000000 0.19521739
16200.00000000 0.19586420
16300.00000000 0.19582822
16400.00000000 0.19597561
16500.00000000 0.19600000
16600.00000000 0.19614458
16700.00000000 0.19640719
16800.00000000 0.19648810
16900.00000000 0.19644970
17000.00000000 0.19635294
17100.00000000 0.19614035
17200.00000000 0.19616279
17300.00000000 0.19647399
17400.00000000 0.19632184
17500.00000000 0.19611429
17600.00000000 0.19653409
17700.00000000 0.19694915
17800.00000000 0.19685393
17900.00000000 0.19759777
18000.00000000 0.19766667
18100.00000000 0.19773481
18200.00000000 0.19774725
18300.00000000 0.19786885
18400.00000000 0.19815217
18500.00000000 0.19789189
18600.00000000 0.19801075
18700.00000000 0.19855615
18800.00000000 0.19914894
18900.00000000 0.19904762
19000.00000000 0.19905263
19100.00000000 0.19853403
19200.00000000 0.19885417
19300.00000000 0.19880829
19400.00000000 0.19855670
19500.00000000 0.19835897
19600.00000000 0.19801020
19700.00000000 0.19827411
19800.00000000 0.19823232
19900.00000000 0.19834171
20000.00000000 0.19835000
20100.00000000 0.19870647
20200.00000000 0.19900990
20300.00000000 0.19901478
20400.00000000 0.19887255
20500.00000000 0.19873171
20600.00000000 0.19888350
20700.00000000 0.19884058
20800.00000000 0.19889423
20900.00000000 0.19875598
21000.00000000 0.19890476
21100.00000000 0.19862559
21200.00000000 0.19849057
21300.00000000 0.19887324
21400.00000000 0.19878505
21500.00000000 0.19888372
21600.00000000 0.19879630
21700.00000000 0.19898618
21800.00000000 0.19894495
21900.00000000 0.19899543
22000.00000000 0.19886364
22100.00000000 0.19918552
22200.00000000 0.19945946
22300.00000000 0.19919283
22400.00000000 0.19924107
22500.00000000 0.19964444
22600.00000000 0.19942478
22700.00000000 0.19938326
22800.00000000 0.19951754
22900.00000000 0.19947598
23000.00000000 0.19943478
23100.00000000 0.19956710
23200.00000000 0.19969828
23300.00000000 0.19965665
23400.00000000 0.19974359
23500.00000000 0.19995745
23600.00000000 0.19983051
23700.00000000 0.19945148
23800.00000000 0.19945378
23900.00000000 0.19974895
24000.00000000 0.20008333
24100.00000000 0.20012448
24200.00000000 0.19966942
24300.00000000 0.19930041
24400.00000000 0.19930328
24500.00000000 0.19971429
24600.00000000 0.19955285
24700.00000000 0.19927126
24800.00000000 0.19935484
24900.00000000 0.19947791
25000.00000000 0.19948000
25100.00000000 0.19972112
25200.00000000 0.19960317
25300.00000000 0.19948617
25400.00000000 0.19948819
25500.00000000 0.19925490
25600.00000000 0.19914062
25700.00000000 0.19891051
25800.00000000 0.19891473
25900.00000000 0.19899614
26000.00000000 0.19876923
26100.00000000 0.19877395
26200.00000000 0.19877863
26300.00000000 0.19878327
26400.00000000 0.19867424
26500.00000000 0.19867925
26600.00000000 0.19875940
26700.00000000 0.19868914
26800.00000000 0.19876866
26900.00000000 0.19881041
27000.00000000 0.19874074
27100.00000000 0.19848708
27200.00000000 0.19867647
27300.00000000 0.19882784
27400.00000000 0.19894161
27500.00000000 0.19905455
27600.00000000 0.19902174
27700.00000000 0.19880866
27800.00000000 0.19902878
27900.00000000 0.19913978
28000.00000000 0.19900000
28100.00000000 0.19907473
28200.00000000 0.19897163
28300.00000000 0.19872792
28400.00000000 0.19880282
28500.00000000 0.19887719
28600.00000000 0.19898601
28700.00000000 0.19864111
28800.00000000 0.19881944
28900.00000000 0.19889273
29000.00000000 0.19900000
29100.00000000 0.19903780
29200.00000000 0.19904110
29300.00000000 0.19897611
29400.00000000 0.19908163
29500.00000000 0.19891525
29600.00000000 0.19875000
29700.00000000 0.19872054
29800.00000000 0.19852349
29900.00000000 0.19856187
30000.00000000 0.19870000
30100.00000000 0.19860465
30200.00000000 0.19854305
30300.00000000 0.19851485
30400.00000000 0.19858553
30500.00000000 0.19859016
30600.00000000 0.19872549
30700.00000000 0.19863192
30800.00000000 0.19870130
30900.00000000 0.19857605
31000.00000000 0.19864516
31100.00000000 0.19871383
31200.00000000 0.19894231
31300.00000000 0.19900958
31400.00000000 0.19904459
31500.00000000 0.19904762
31600.00000000 0.19914557
31700.00000000 0.19921136
31800.00000000 0.19924528
31900.00000000 0.19902821
32000.00000000 0.19909375
32100.00000000 0.19909657
32200.00000000 0.19881988
32300.00000000 0.19882353
32400.00000000 0.19864198
32500.00000000 0.19849231
32600.00000000 0.19846626
32700.00000000 0.19844037
32800.00000000 0.19835366
32900.00000000 0.19838906
33000.00000000 0.19854545
33100.00000000 0.19848943
33200.00000000 0.19852410
33300.00000000 0.19843844
33400.00000000 0.19832335
33500.00000000 0.19850746
33600.00000000 0.19845238
33700.00000000 0.19848665
33800.00000000 0.19840237
33900.00000000 0.19858407
34000.00000000 0.19858824
34100.00000000 0.19844575
34200.00000000 0.19853801
34300.00000000 0.19839650
34400.00000000 0.19857558
34500.00000000 0.19857971
34600.00000000 0.19867052
34700.00000000 0.19876081
34800.00000000 0.19876437
34900.00000000 0.19888252
35000.00000000 0.19897143
35100.00000000 0.19917379
35200.00000000 0.19923295
35300.00000000 0.19917847
35400.00000000 0.19926554
35500.00000000 0.19932394
35600.00000000 0.19924157
35700.00000000 0.19890756
35800.00000000 0.19893855
35900.00000000 0.19869081
36000.00000000 0.19877778
36100.00000000 0.19886427
36200.00000000 0.19883978
36300.00000000 0.19887052
36400.00000000 0.19887363
36500.00000000 0.19887671
36600.00000000 0.19882514
36700.00000000 0.19869210
36800.00000000 0.19864130
36900.00000000 0.19859079
37000.00000000 0.19856757
37100.00000000 0.19843666
37200.00000000 0.19849462
37300.00000000 0.19833780
37400.00000000 0.19826203
37500.00000000 0.19840000
37600.00000000 0.19840426
37700.00000000 0.19862069
37800.00000000 0.19857143
37900.00000000 0.19865435
38000.00000000 0.19857895
38100.00000000 0.19863517
38200.00000000 0.19863874
38300.00000000 0.19869452
38400.00000000 0.19893229
38500.00000000 0.19896104
38600.00000000 0.19893782
38700.00000000 0.19904393
38800.00000000 0.19889175
38900.00000000 0.19897172
39000.00000000 0.19887179
39100.00000000 0.19874680
39200.00000000 0.19885204
39300.00000000 0.19875318
39400.00000000 0.19880711
39500.00000000 0.19870886
39600.00000000 0.19873737
39700.00000000 0.19896725
39800.00000000 0.19886935
39900.00000000 0.19882206
40000.00000000 0.19880000
40100.00000000 0.19895262
40200.00000000 0.19900498
40300.00000000 0.19913151
40400.00000000 0.19905941
40500.00000000 0.19925926
40600.00000000 0.19916256
40700.00000000 0.19914005
40800.00000000 0.19909314
40900.00000000 0.19924205
41000.00000000 0.19912195
41100.00000000 0.19914842
41200.00000000 0.19907767
41300.00000000 0.19895884
41400.00000000 0.19896135
41500.00000000 0.19901205
41600.00000000 0.19908654
41700.00000000 0.19896882
41800.00000000 0.19906699
41900.00000000 0.19904535
42000.00000000 0.19928571
42100.00000000 0.19935867
42200.00000000 0.19945498
42300.00000000 0.19959811
42400.00000000 0.19957547
42500.00000000 0.19964706
42600.00000000 0.19962441
42700.00000000 0.19967213
42800.00000000 0.19967290
42900.00000000 0.19974359
43000.00000000 0.19974419
43100.00000000 0.19969838
43200.00000000 0.19976852
43300.00000000 0.19976905
43400.00000000 0.19970046
43500.00000000 0.19983908
43600.00000000 0.19974771
43700.00000000 0.19986270
43800.00000000 0.19986301
43900.00000000 0.19993166
44000.00000000 0.19981818
44100.00000000 0.19965986
44200.00000000 0.19966063
44300.00000000 0.19963883
44400.00000000 0.19963964
44500.00000000 0.19961798
44600.00000000 0.19964126
44700.00000000 0.19964206
44800.00000000 0.19966518
44900.00000000 0.19959911
45000.00000000 0.19971111
45100.00000000 0.19960089
45200.00000000 0.19944690
45300.00000000 0.19947020
45400.00000000 0.19942731
45500.00000000 0.19942857
45600.00000000 0.19932018
45700.00000000 0.19934354
45800.00000000 0.19927948
45900.00000000 0.19925926
46000.00000000 0.19941304
46100.00000000 0.19945770
46200.00000000 0.19941558
46300.00000000 0.19935205
46400.00000000 0.19924569
46500.00000000 0.19922581
46600.00000000 0.19924893
46700.00000000 0.19942184
46800.00000000 0.19938034
46900.00000000 0.19953092
47000.00000000 0.19961702
47100.00000000 0.19959660
47200.00000000 0.19968220
47300.00000000 0.19976744
47400.00000000 0.19978903
47500.00000000 0.19978947
47600.00000000 0.19981092
47700.00000000 0.19987421
47800.00000000 0.19974895
47900.00000000 0.19960334
48000.00000000 0.19960417
48100.00000000 0.19981289
48200.00000000 0.19993776
48300.00000000 0.19975155
48400.00000000 0.19971074
48500.00000000 0.19981443
48600.00000000 0.19979424
48700.00000000 0.19981520
48800.00000000 0.19989754
48900.00000000 0.19987730
49000.00000000 0.19983673
49100.00000000 0.19983707
49200.00000000 0.19967480
49300.00000000 0.19967546
49400.00000000 0.19973684
49500.00000000 0.19979798
49600.00000000 0.19975806
49700.00000000 0.19973843
49800.00000000 0.19995984
49900.00000000 0.19997996
50000.00000000 0.20000000
50100.00000000 0.19994012
50200.00000000 0.19992032
50300.00000000 0.19998012
50400.00000000 0.19986111
50500.00000000 0.19984158
50600.00000000 0.19974308
50700.00000000 0.19972387
50800.00000000 0.19984252
50900.00000000 0.19966601
51000.00000000 0.19972549
51100.00000000 0.19968689
51200.00000000 0.19957031
51300.00000000 0.19957115
51400.00000000 0.19963035
51500.00000000 0.19951456
51600.00000000 0.19945736
51700.00000000 0.19947776
51800.00000000 0.19949807
51900.00000000 0.19957611
52000.00000000 0.19967308
52100.00000000 0.19965451
52200.00000000 0.19961686
52300.00000000 0.19938815
52400.00000000 0.19938931
52500.00000000 0.19942857
52600.00000000 0.19948669
52700.00000000 0.19941176
52800.00000000 0.19935606
52900.00000000 0.19935728
53000.00000000 0.19932075
53100.00000000 0.19949153
53200.00000000 0.19936090
53300.00000000 0.19926829
53400.00000000 0.19926966
53500.00000000 0.19927103
53600.00000000 0.19929104
53700.00000000 0.19934823
53800.00000000 0.19938662
53900.00000000 0.19951763
54000.00000000 0.19951852
54100.00000000 0.19948244
54200.00000000 0.19940959
54300.00000000 0.19928177
54400.00000000 0.19920956
54500.00000000 0.19926606
54600.00000000 0.19921245
54700.00000000 0.19932358
54800.00000000 0.19927007
54900.00000000 0.19925319
55000.00000000 0.19927273
55100.00000000 0.19925590
55200.00000000 0.19911232
55300.00000000 0.19904159
55400.00000000 0.19897112
55500.00000000 0.19891892
55600.00000000 0.19881295
55700.00000000 0.19870736
55800.00000000 0.19872760
55900.00000000 0.19869410
56000.00000000 0.19878571
56100.00000000 0.19875223
56200.00000000 0.19862989
56300.00000000 0.19865009
56400.00000000 0.19858156
56500.00000000 0.19870796
56600.00000000 0.19876325
56700.00000000 0.19876543
56800.00000000 0.19889085
56900.00000000 0.19885764
57000.00000000 0.19871930
57100.00000000 0.19873905
57200.00000000 0.19882867
57300.00000000 0.19877836
57400.00000000 0.19883275
57500.00000000 0.19885217
57600.00000000 0.19885417
57700.00000000 0.19892548
57800.00000000 0.19882353
57900.00000000 0.19870466
58000.00000000 0.19882759
58100.00000000 0.19877797
58200.00000000 0.19872852
58300.00000000 0.19867925
58400.00000000 0.19866438
58500.00000000 0.19859829
58600.00000000 0.19856655
58700.00000000 0.19843271
58800.00000000 0.19840136
58900.00000000 0.19843803
59000.00000000 0.19827119
59100.00000000 0.19820643
59200.00000000 0.19819257
59300.00000000 0.19822934
59400.00000000 0.19813131
59500.00000000 0.19808403
59600.00000000 0.19800336
59700.00000000 0.19804020
59800.00000000 0.19806020
59900.00000000 0.19811352
60000.00000000 0.19825000
60100.00000000 0.19828619
60200.00000000 0.19827243
60300.00000000 0.19824212
60400.00000000 0.19821192
60500.00000000 0.19833058
60600.00000000 0.19841584
60700.00000000 0.19853377
60800.00000000 0.19868421
60900.00000000 0.19880131
61000.00000000 0.19872131
61100.00000000 0.19860884
61200.00000000 0.19867647
61300.00000000 0.19879282
61400.00000000 0.19874593
61500.00000000 0.19886179
61600.00000000 0.19878247
61700.00000000 0.19873582
61800.00000000 0.19875405
61900.00000000 0.19878837
62000.00000000 0.19891935
62100.00000000 0.19900161
62200.00000000 0.19916399
62300.00000000 0.19924559
62400.00000000 0.19931090
62500.00000000 0.19945600
62600.00000000 0.19940895
62700.00000000 0.19939394
62800.00000000 0.19931529
62900.00000000 0.19920509
63000.00000000 0.19915873
63100.00000000 0.19911252
63200.00000000 0.19920886
63300.00000000 0.19911532
63400.00000000 0.19913249
63500.00000000 0.19907087
63600.00000000 0.19908805
63700.00000000 0.19902669
63800.00000000 0.19890282
63900.00000000 0.19882629
64000.00000000 0.19878125
64100.00000000 0.19892356
64200.00000000 0.19901869
64300.00000000 0.19886470
64400.00000000 0.19871118
64500.00000000 0.19866667
64600.00000000 0.19873065
64700.00000000 0.19870170
64800.00000000 0.19876543
64900.00000000 0.19887519
65000.00000000 0.19878462
65100.00000000 0.19870968
65200.00000000 0.19883436
65300.00000000 0.19874426
65400.00000000 0.19865443
65500.00000000 0.19868702
65600.00000000 0.19859756
65700.00000000 0.19853881
65800.00000000 0.19863222
65900.00000000 0.19864947
66000.00000000 0.19856061
66100.00000000 0.19848714
66200.00000000 0.19847432
66300.00000000 0.19856712
66400.00000000 0.19867470
66500.00000000 0.19866165
66600.00000000 0.19864865
66700.00000000 0.19871064
66800.00000000 0.19871257
66900.00000000 0.19875934
67000.00000000 0.19874627
67100.00000000 0.19874814
67200.00000000 0.19872024
67300.00000000 0.19870728
67400.00000000 0.19872404
67500.00000000 0.19863704
67600.00000000 0.19866864
67700.00000000 0.19853767
67800.00000000 0.19867257
67900.00000000 0.19865979
68000.00000000 0.19860294
68100.00000000 0.19859031
68200.00000000 0.19872434
68300.00000000 0.19871157
68400.00000000 0.19859649
68500.00000000 0.19859854
68600.00000000 0.19855685
68700.00000000 0.19866084
68800.00000000 0.19867733
68900.00000000 0.19863570
69000.00000000 0.19863768
69100.00000000 0.19861071
69200.00000000 0.19867052
69300.00000000 0.19864358
69400.00000000 0.19848703
69500.00000000 0.19847482
69600.00000000 0.19839080
69700.00000000 0.19837877
69800.00000000 0.19830946
69900.00000000 0.19831187
70000.00000000 0.19832857
70100.00000000 0.19831669
70200.00000000 0.19840456
70300.00000000 0.19844950
70400.00000000 0.19859375
70500.00000000 0.19859574
70600.00000000 0.19859773
70700.00000000 0.19864215
70800.00000000 0.19855932
70900.00000000 0.19849083
71000.00000000 0.19840845
71100.00000000 0.19843882
71200.00000000 0.19837079
71300.00000000 0.19840112
71400.00000000 0.19838936
71500.00000000 0.19834965
71600.00000000 0.19829609
71700.00000000 0.19829847
71800.00000000 0.19828691
71900.00000000 0.19834492
72000.00000000 0.19836111
72100.00000000 0.19839112
72200.00000000 0.19840720
72300.00000000 0.19832642
72400.00000000 0.19831492
72500.00000000 0.19826207
72600.00000000 0.19825069
72700.00000000 0.19836314
72800.00000000 0.19840659
72900.00000000 0.19839506
73000.00000000 0.19838356
73100.00000000 0.19839945
73200.00000000 0.19834699
73300.00000000 0.19828104
73400.00000000 0.19820163
73500.00000000 0.19810884
73600.00000000 0.19815217
73700.00000000 0.19818182
73800.00000000 0.19817073
73900.00000000 0.19824087
74000.00000000 0.19827027
74100.00000000 0.19836707
74200.00000000 0.19847709
74300.00000000 0.19846568
74400.00000000 0.19853495
74500.00000000 0.19846980
74600.00000000 0.19844504
74700.00000000 0.19831325
74800.00000000 0.19823529
74900.00000000 0.19817089
75000.00000000 0.19821333
75100.00000000 0.19820240
75200.00000000 0.19811170
75300.00000000 0.19816733
75400.00000000 0.19820955
75500.00000000 0.19814570
75600.00000000 0.19814815
75700.00000000 0.19821664
75800.00000000 0.19819261
75900.00000000 0.19822134
76000.00000000 0.19819737
76100.00000000 0.19822602
76200.00000000 0.19814961
76300.00000000 0.19813893
76400.00000000 0.19807592
76500.00000000 0.19810458
76600.00000000 0.19808094
76700.00000000 0.19808344
76800.00000000 0.19811198
76900.00000000 0.19811443
77000.00000000 0.19802597
77100.00000000 0.19797665
77200.00000000 0.19804404
77300.00000000 0.19802070
77400.00000000 0.19804910
77500.00000000 0.19805161
77600.00000000 0.19820876
77700.00000000 0.19813385
77800.00000000 0.19813625
77900.00000000 0.19813864
78000.00000000 0.19812821
78100.00000000 0.19809219
78200.00000000 0.19801790
78300.00000000 0.19804598
78400.00000000 0.19801020
78500.00000000 0.19806369
78600.00000000 0.19796438
78700.00000000 0.19795426
78800.00000000 0.19803299
78900.00000000 0.19804816
79000.00000000 0.19800000
79100.00000000 0.19795196
79200.00000000 0.19797980
79300.00000000 0.19800757
79400.00000000 0.19809824
79500.00000000 0.19811321
79600.00000000 0.19809045
79700.00000000 0.19810540
79800.00000000 0.19809524
79900.00000000 0.19807259
80000.00000000 0.19805000
80100.00000000 0.19805243
80200.00000000 0.19802993
80300.00000000 0.19804483
80400.00000000 0.19803483
80500.00000000 0.19806211
80600.00000000 0.19801489
80700.00000000 0.19802974
80800.00000000 0.19811881
80900.00000000 0.19820766
81000.00000000 0.19813580
81100.00000000 0.19817509
81200.00000000 0.19818966
81300.00000000 0.19820418
81400.00000000 0.19824324
81500.00000000 0.19831902
81600.00000000 0.19825980
81700.00000000 0.19834761
81800.00000000 0.19833741
81900.00000000 0.19835165
82000.00000000 0.19829268
82100.00000000 0.19831912
82200.00000000 0.19826034
82300.00000000 0.19826245
82400.00000000 0.19833738
82500.00000000 0.19830303
82600.00000000 0.19836562
82700.00000000 0.19831923
82800.00000000 0.19833333
82900.00000000 0.19832328
83000.00000000 0.19831325
83100.00000000 0.19820698
83200.00000000 0.19826923
83300.00000000 0.19827131
83400.00000000 0.19824940
83500.00000000 0.19815569
83600.00000000 0.19814593
83700.00000000 0.19811231
83800.00000000 0.19807876
83900.00000000 0.19811681
84000.00000000 0.19821429
84100.00000000 0.19816885
84200.00000000 0.19813539
84300.00000000 0.19807829
84400.00000000 0.19805687
84500.00000000 0.19811834
84600.00000000 0.19808511
84700.00000000 0.19807556
84800.00000000 0.19805425
84900.00000000 0.19803298
85000.00000000 0.19802353
85100.00000000 0.19799060
85200.00000000 0.19800469
85300.00000000 0.19805393
85400.00000000 0.19817330
85500.00000000 0.19819883
85600.00000000 0.19820093
85700.00000000 0.19823804
85800.00000000 0.19822844
85900.00000000 0.19820722
86000.00000000 0.19820930
86100.00000000 0.19819977
86200.00000000 0.19820186
86300.00000000 0.19818076
86400.00000000 0.19819444
86500.00000000 0.19818497
86600.00000000 0.19816397
86700.00000000 0.19822376
86800.00000000 0.19822581
86900.00000000 0.19822785
87000.00000000 0.19829885
87100.00000000 0.19824340
87200.00000000 0.19837156
87300.00000000 0.19843070
87400.00000000 0.19845538
87500.00000000 0.19841143
87600.00000000 0.19839041
87700.00000000 0.19843786
87800.00000000 0.19837130
87900.00000000 0.19836177
88000.00000000 0.19844318
88100.00000000 0.19849035
88200.00000000 0.19852608
88300.00000000 0.19847112
88400.00000000 0.19856335
88500.00000000 0.19855367
88600.00000000 0.19862302
88700.00000000 0.19856821
88800.00000000 0.19858108
88900.00000000 0.19856018
89000.00000000 0.19860674
89100.00000000 0.19854097
89200.00000000 0.19854260
89300.00000000 0.19860022
89400.00000000 0.19850112
89500.00000000 0.19856983
89600.00000000 0.19857143
89700.00000000 0.19862876
89800.00000000 0.19860802
89900.00000000 0.19860957
90000.00000000 0.19860000
90100.00000000 0.19855716
90200.00000000 0.19861419
90300.00000000 0.19861573
90400.00000000 0.19860619
90500.00000000 0.19865193
90600.00000000 0.19871965
90700.00000000 0.19872106
90800.00000000 0.19877753
90900.00000000 0.19870187
91000.00000000 0.19871429
91100.00000000 0.19874863
91200.00000000 0.19869518
91300.00000000 0.19871851
91400.00000000 0.19875274
91500.00000000 0.19878689
91600.00000000 0.19884279
91700.00000000 0.19884406
91800.00000000 0.19883442
91900.00000000 0.19889010
92000.00000000 0.19896739
92100.00000000 0.19892508
92200.00000000 0.19887202
92300.00000000 0.19897075
92400.00000000 0.19901515
92500.00000000 0.19903784
92600.00000000 0.19900648
92700.00000000 0.19901834
92800.00000000 0.19903017
92900.00000000 0.19902045
93000.00000000 0.19915054
93100.00000000 0.19911923
93200.00000000 0.19907725
93300.00000000 0.19915327
93400.00000000 0.19912206
93500.00000000 0.19911230
93600.00000000 0.19914530
93700.00000000 0.19912487
93800.00000000 0.19914712
93900.00000000 0.19913738
94000.00000000 0.19912766
94100.00000000 0.19903294
94200.00000000 0.19900212
94300.00000000 0.19895016
94400.00000000 0.19898305
94500.00000000 0.19901587
94600.00000000 0.19902748
94700.00000000 0.19900739
94800.00000000 0.19897679
94900.00000000 0.19891465
95000.00000000 0.19892632
95100.00000000 0.19886435
95200.00000000 0.19888655
95300.00000000 0.19891920
95400.00000000 0.19897275
95500.00000000 0.19899476
95600.00000000 0.19898536
95700.00000000 0.19895507
95800.00000000 0.19895616
95900.00000000 0.19894682
96000.00000000 0.19904167
96100.00000000 0.19904266
96200.00000000 0.19913721
96300.00000000 0.19907580
96400.00000000 0.19910788
96500.00000000 0.19908808
96600.00000000 0.19907867
96700.00000000 0.19901758
96800.00000000 0.19892562
96900.00000000 0.19888545
97000.00000000 0.19883505
97100.00000000 0.19875386
97200.00000000 0.19878601
97300.00000000 0.19868448
97400.00000000 0.19864476
97500.00000000 0.19858462
97600.00000000 0.19855533
97700.00000000 0.19860798
97800.00000000 0.19858896
97900.00000000 0.19850868
98000.00000000 0.19858163
98100.00000000 0.19867482
98200.00000000 0.19865580
98300.00000000 0.19867752
98400.00000000 0.19869919
98500.00000000 0.19867005
98600.00000000 0.19860041
98700.00000000 0.19864235
98800.00000000 0.19868421
98900.00000000 0.19873610
99000.00000000 0.19869697
99100.00000000 0.19872856
99200.00000000 0.19876008
99300.00000000 0.19876133
99400.00000000 0.19875252
99500.00000000 0.19876382
99600.00000000 0.19873494
99700.00000000 0.19867603
99800.00000000 0.19864729
99900.00000000 0.19869870
100000.00000000 0.19880000
