100.00000000 0.85663850
200.00000000 0.71939282
300.00000000 0.78398385
400.00000000 0.83990361
500.00000000 0.86588485
600.00000000 0.90437609
700.00000000 0.90829993
800.00000000 0.91706493
900.00000000 0.92592590
1000.00000000 0.91130397
1100.00000000 0.89061277
1200.00000000 0.85650432
1300.00000000 0.85086629
1400.00000000 0.83252953
1500.00000000 0.82204207
1600.00000000 0.80177626
1700.00000000 0.80254900
1800.00000000 0.79662450
1900.00000000 0.78895042
2000.00000000 0.79323334
2100.00000000 0.79080455
2200.00000000 0.79538833
2300.00000000 0.79794812
2400.00000000 0.80532698
2500.00000000 0.81577734
2600.00000000 0.82133173
2700.00000000 0.81982642
2800.00000000 0.82701573
2900.00000000 0.83529774
3000.00000000 0.83837972
3100.00000000 0.84686799
3200.00000000 0.84767374
3300.00000000 0.84482853
3400.00000000 0.84721870
3500.00000000 0.85157541
3600.00000000 0.85584559
3700.00000000 0.85498578
3800.00000000 0.85111950
3900.00000000 0.84794540
4000.00000000 0.84219109
4100.00000000 0.83272925
4200.00000000 0.82729037
4300.00000000 0.82286041
4400.00000000 0.81843674
4500.00000000 0.81735565
4600.00000000 0.80682112
4700.00000000 0.80750741
4800.00000000 0.81143439
4900.00000000 0.81731881
5000.00000000 0.81974572
5100.00000000 0.82194340
5200.00000000 0.82609176
5300.00000000 0.82887807
5400.00000000 0.83284454
5500.00000000 0.83465166
5600.00000000 0.83774224
5700.00000000 0.84133083
5800.00000000 0.84379138
5900.00000000 0.84583370
6000.00000000 0.84668142
6100.00000000 0.84835484
6200.00000000 0.85138380
6300.00000000 0.85202762
6400.00000000 0.85076337
6500.00000000 0.85177264
6600.00000000 0.85310680
6700.00000000 0.85331421
6800.00000000 0.85587982
6900.00000000 0.85565400
7000.00000000 0.85544876
7100.00000000 0.84956810
7200.00000000 0.85124797
7300.00000000 0.85082010
7400.00000000 0.85062187
7500.00000000 0.84962786
7600.00000000 0.84754196
7700.00000000 0.84520173
7800.00000000 0.84367732
7900.00000000 0.84102007
8000.00000000 0.84166237
8100.00000000 0.84163668
8200.00000000 0.84345750
8300.00000000 0.84725871
8400.00000000 0.84730174
8500.00000000 0.84939384
8600.00000000 0.85089989
8700.00000000 0.84833747
8800.00000000 0.84541319
8900.00000000 0.84652213
9000.00000000 0.84671148
9100.00000000 0.84461896
9200.00000000 0.84129022
9300.00000000 0.84280840
9400.00000000 0.84449651
9500.00000000 0.84623431
9600.00000000 0.84774900
9700.00000000 0.84942222
9800.00000000 0.85143704
9900.00000000 0.85237798
10000.00000000 0.85438788
10100.00000000 0.85572105
10200.00000000 0.85766777
10300.00000000 0.85894090
10400.00000000 0.85943999
10500.00000000 0.86076850
10600.00000000 0.85818121
10700.00000000 0.85688732
10800.00000000 0.85400368
10900.00000000 0.84993761
11000.00000000 0.84809868
11100.00000000 0.84899078
11200.00000000 0.84813148
11300.00000000 0.84817720
11400.00000000 0.84955030
11500.00000000 0.84743375
11600.00000000 0.84760496
11700.00000000 0.84792025
11800.00000000 0.84532692
11900.00000000 0.84705327
12000.00000000 0.84670429
12100.00000000 0.84713846
12200.00000000 0.84747296
12300.00000000 0.84765870
12400.00000000 0.84766051
12500.00000000 0.84639593
12600.00000000 0.84529173
12700.00000000 0.84600011
12800.00000000 0.84737607
12900.00000000 0.84857932
13000.00000000 0.84985379
13100.00000000 0.85142412
13200.00000000 0.85216484
13300.00000000 0.85311637
13400.00000000 0.85327444
13500.00000000 0.85310087
13600.00000000 0.85194679
13700.00000000 0.85146382
13800.00000000 0.85276464
13900.00000000 0.85332649
14000.00000000 0.85454256
14100.00000000 0.85501686
14200.00000000 0.85610367
14300.00000000 0.85664212
14400.00000000 0.85831714
14500.00000000 0.85820398
14600.00000000 0.85664792
14700.00000000 0.85511017
14800.00000000 0.85378696
14900.00000000 0.85172671
15000.00000000 0.85113462
15100.00000000 0.85162510
15200.00000000 0.85237191
15300.00000000 0.85296418
15400.00000000 0.85346393
15500.00000000 0.85237971
15600.00000000 0.85241069
15700.00000000 0.85311710
15800.00000000 0.85264639
15900.00000000 0.85347117
16000.00000000 0.85421913
16100.00000000 0.85564803
16200.00000000 0.85627812
16300.00000000 0.85726164
16400.00000000 0.85788101
16500.00000000 0.85900084
16600.00000000 0.85962337
16700.00000000 0.85903580
16800.00000000 0.85660795
16900.00000000 0.85713892
17000.00000000 0.85814257
17100.00000000 0.85891920
17200.00000000 0.85769586
17300.00000000 0.85858317
17400.00000000 0.85959212
17500.00000000 0.85696877
17600.00000000 0.85686846
17700.00000000 0.85778227
17800.00000000 0.85813441
17900.00000000 0.85806785
18000.00000000 0.85820670
18100.00000000 0.85795527
18200.00000000 0.85692051
18300.00000000 0.85595351
18400.00000000 0.85416801
18500.00000000 0.85298868
18600.00000000 0.85271624
18700.00000000 0.85036011
18800.00000000 0.84952049
18900.00000000 0.84900748
19000.00000000 0.84855663
19100.00000000 0.84782835
19200.00000000 0.84798596
19300.00000000 0.84795220
19400.00000000 0.84843504
19500.00000000 0.84754666
19600.00000000 0.84716235
19700.00000000 0.84827792
19800.00000000 0.84887403
19900.00000000 0.84824885
20000.00000000 0.84863495
20100.00000000 0.84908026
20200.00000000 0.84842961
20300.00000000 0.84861210
20400.00000000 0.84924631
20500.00000000 0.84964051
20600.00000000 0.84905412
20700.00000000 0.84728833
20800.00000000 0.84685856
20900.00000000 0.84743743
21000.00000000 0.84778674
21100.00000000 0.84668315
21200.00000000 0.84546496
21300.00000000 0.84562070
21400.00000000 0.84588408
21500.00000000 0.84648812
21600.00000000 0.84725231
21700.00000000 0.84803096
21800.00000000 0.84845063
21900.00000000 0.84909469
22000.00000000 0.84840213
22100.00000000 0.84921637
22200.00000000 0.84947502
22300.00000000 0.84898444
22400.00000000 0.84846533
22500.00000000 0.84918727
22600.00000000 0.84936779
22700.00000000 0.85064839
22800.00000000 0.85110682
22900.00000000 0.85138458
23000.00000000 0.85207046
23100.00000000 0.85269314
23200.00000000 0.85327657
23300.00000000 0.85423529
23400.00000000 0.85257619
23500.00000000 0.85124549
23600.00000000 0.85105999
23700.00000000 0.85080545
23800.00000000 0.84990285
23900.00000000 0.84996253
24000.00000000 0.84989281
24100.00000000 0.85004361
24200.00000000 0.85074791
24300.00000000 0.85113557
24400.00000000 0.85170577
24500.00000000 0.85220898
24600.00000000 0.85258590
24700.00000000 0.85333154
24800.00000000 0.85387435
24900.00000000 0.85437021
25000.00000000 0.85501847
25100.00000000 0.85608438
25200.00000000 0.85588982
25300.00000000 0.85526959
25400.00000000 0.85532756
25500.00000000 0.85570144
25600.00000000 0.85559393
25700.00000000 0.85503353
25800.00000000 0.85369212
25900.00000000 0.85367227
26000.00000000 0.85403920
26100.00000000 0.85446678
26200.00000000 0.85513065
26300.00000000 0.85582603
26400.00000000 0.85611023
26500.00000000 0.85669407
26600.00000000 0.85717549
26700.00000000 0.85769591
26800.00000000 0.85671829
26900.00000000 0.85688958
27000.00000000 0.85743776
27100.00000000 0.85801506
27200.00000000 0.85781661
27300.00000000 0.85783915
27400.00000000 0.85819390
27500.00000000 0.85795280
27600.00000000 0.85734911
27700.00000000 0.85671525
27800.00000000 0.85611293
27900.00000000 0.85647602
28000.00000000 0.85701488
28100.00000000 0.85742503
28200.00000000 0.85810166
28300.00000000 0.85852939
28400.00000000 0.85839074
28500.00000000 0.85868318
28600.00000000 0.85906050
28700.00000000 0.85791060
28800.00000000 0.85837269
28900.00000000 0.85869884
29000.00000000 0.85973329
29100.00000000 0.85945016
29200.00000000 0.85838694
29300.00000000 0.85843073
29400.00000000 0.85867736
29500.00000000 0.85897241
29600.00000000 0.85921372
29700.00000000 0.85880752
29800.00000000 0.85863176
29900.00000000 0.85773569
30000.00000000 0.85809840
30100.00000000 0.85788169
30200.00000000 0.85767625
30300.00000000 0.85719878
30400.00000000 0.85652028
30500.00000000 0.85687017
30600.00000000 0.85735832
30700.00000000 0.85731723
30800.00000000 0.85650371
30900.00000000 0.85638654
31000.00000000 0.85675255
31100.00000000 0.85654763
31200.00000000 0.85674712
31300.00000000 0.85713943
31400.00000000 0.85775604
31500.00000000 0.85779712
31600.00000000 0.85752607
31700.00000000 0.85628578
31800.00000000 0.85557652
31900.00000000 0.85458107
32000.00000000 0.85487969
32100.00000000 0.85513301
32200.00000000 0.85415608
32300.00000000 0.85428393
32400.00000000 0.85312598
32500.00000000 0.85271166
32600.00000000 0.85169379
32700.00000000 0.85043285
32800.00000000 0.84949737
32900.00000000 0.84903957
33000.00000000 0.84900261
33100.00000000 0.84928492
33200.00000000 0.84991038
33300.00000000 0.84997072
33400.00000000 0.85007326
33500.00000000 0.85046043
33600.00000000 0.85083164
33700.00000000 0.85143670
33800.00000000 0.85170463
33900.00000000 0.85241132
34000.00000000 0.85221281
34100.00000000 0.85177663
34200.00000000 0.85180307
34300.00000000 0.85160685
34400.00000000 0.85047699
34500.00000000 0.84913107
34600.00000000 0.84928373
34700.00000000 0.84909816
34800.00000000 0.84960425
34900.00000000 0.85000268
35000.00000000 0.85043088
35100.00000000 0.85080978
35200.00000000 0.85038427
35300.00000000 0.85022770
35400.00000000 0.84955062
35500.00000000 0.84825160
35600.00000000 0.84785514
35700.00000000 0.84765918
35800.00000000 0.84719954
35900.00000000 0.84633577
36000.00000000 0.84556915
36100.00000000 0.84503694
36200.00000000 0.84394928
36300.00000000 0.84401026
36400.00000000 0.84418210
36500.00000000 0.84469072
36600.00000000 0.84504333
36700.00000000 0.84546048
36800.00000000 0.84592279
36900.00000000 0.84634765
37000.00000000 0.84699032
37100.00000000 0.84747369
37200.00000000 0.84754920
37300.00000000 0.84800015
37400.00000000 0.84848740
37500.00000000 0.84875563
37600.00000000 0.84862926
37700.00000000 0.84800485
37800.00000000 0.84804597
37900.00000000 0.84831783
38000.00000000 0.84876503
38100.00000000 0.84935511
38200.00000000 0.84956933
38300.00000000 0.84981376
38400.00000000 0.85050221
38500.00000000 0.85063339
38600.00000000 0.85071944
38700.00000000 0.85125410
38800.00000000 0.85146014
38900.00000000 0.85184314
39000.00000000 0.85215763
39100.00000000 0.85257364
39200.00000000 0.85292374
39300.00000000 0.85350270
39400.00000000 0.85368202
39500.00000000 0.85404117
39600.00000000 0.85443951
39700.00000000 0.85436295
39800.00000000 0.85465292
39900.00000000 0.85493455
40000.00000000 0.85534647
40100.00000000 0.85570511
40200.00000000 0.85555675
40300.00000000 0.85599427
40400.00000000 0.85614615
40500.00000000 0.85651046
40600.00000000 0.85654136
40700.00000000 0.85657169
40800.00000000 0.85685583
40900.00000000 0.85662223
41000.00000000 0.85611563
41100.00000000 0.85662094
41200.00000000 0.85678685
41300.00000000 0.85696694
41400.00000000 0.85607148
41500.00000000 0.85469229
41600.00000000 0.85363561
41700.00000000 0.85298891
41800.00000000 0.85289187
41900.00000000 0.85317014
42000.00000000 0.85345329
42100.00000000 0.85375610
42200.00000000 0.85426828
42300.00000000 0.85446727
42400.00000000 0.85460813
42500.00000000 0.85406864
42600.00000000 0.85386213
42700.00000000 0.85421026
42800.00000000 0.85435322
42900.00000000 0.85447604
43000.00000000 0.85448429
43100.00000000 0.85464822
43200.00000000 0.85496485
43300.00000000 0.85538628
43400.00000000 0.85554213
43500.00000000 0.85564757
43600.00000000 0.85589964
43700.00000000 0.85667540
43800.00000000 0.85654065
43900.00000000 0.85702414
44000.00000000 0.85730766
44100.00000000 0.85761824
44200.00000000 0.85783056
44300.00000000 0.85819996
44400.00000000 0.85834730
44500.00000000 0.85871051
44600.00000000 0.85854762
44700.00000000 0.85816251
44800.00000000 0.85831976
44900.00000000 0.85699888
45000.00000000 0.85701197
45100.00000000 0.85683116
45200.00000000 0.85688743
45300.00000000 0.85708273
45400.00000000 0.85739230
45500.00000000 0.85729235
45600.00000000 0.85775923
45700.00000000 0.85744991
45800.00000000 0.85743801
45900.00000000 0.85718027
46000.00000000 0.85698251
46100.00000000 0.85645217
46200.00000000 0.85569964
46300.00000000 0.85646091
46400.00000000 0.85634604
46500.00000000 0.85662379
46600.00000000 0.85658601
46700.00000000 0.85620538
46800.00000000 0.85646520
46900.00000000 0.85616575
47000.00000000 0.85650938
47100.00000000 0.85608990
47200.00000000 0.85573022
47300.00000000 0.85602545
47400.00000000 0.85642890
47500.00000000 0.85663030
47600.00000000 0.85662285
47700.00000000 0.85673256
47800.00000000 0.85698332
47900.00000000 0.85641676
48000.00000000 0.85606404
48100.00000000 0.85579710
48200.00000000 0.85549289
48300.00000000 0.85572183
48400.00000000 0.85534465
48500.00000000 0.85514474
48600.00000000 0.85519268
48700.00000000 0.85494701
48800.00000000 0.85511341
48900.00000000 0.85514443
49000.00000000 0.85552504
49100.00000000 0.85596671
49200.00000000 0.85602972
49300.00000000 0.85638916
49400.00000000 0.85628367
49500.00000000 0.85615519
49600.00000000 0.85536317
49700.00000000 0.85514886
49800.00000000 0.85515957
49900.00000000 0.85457491
50000.00000000 0.85455785
50100.00000000 0.85485628
50200.00000000 0.85510767
50300.00000000 0.85473414
50400.00000000 0.85473477
50500.00000000 0.85480086
50600.00000000 0.85366026
50700.00000000 0.85383701
50800.00000000 0.85372114
50900.00000000 0.85343293
51000.00000000 0.85323353
51100.00000000 0.85341282
51200.00000000 0.85362929
51300.00000000 0.85371851
51400.00000000 0.85319332
51500.00000000 0.85281890
51600.00000000 0.85311033
51700.00000000 0.85259337
51800.00000000 0.85268436
51900.00000000 0.85205697
52000.00000000 0.85208466
52100.00000000 0.85190019
52200.00000000 0.85190939
52300.00000000 0.85146795
52400.00000000 0.85093424
52500.00000000 0.85066015
52600.00000000 0.84984813
52700.00000000 0.84969515
52800.00000000 0.84943841
52900.00000000 0.84947020
53000.00000000 0.84906990
53100.00000000 0.84921005
53200.00000000 0.84925789
53300.00000000 0.84945572
53400.00000000 0.84982597
53500.00000000 0.84982721
53600.00000000 0.84952501
53700.00000000 0.84939384
53800.00000000 0.84916591
53900.00000000 0.84923450
54000.00000000 0.84971564
54100.00000000 0.84986662
54200.00000000 0.85005407
54300.00000000 0.85041481
54400.00000000 0.84945608
54500.00000000 0.84922536
54600.00000000 0.84946980
54700.00000000 0.84974914
54800.00000000 0.84975479
54900.00000000 0.84938969
55000.00000000 0.84949894
55100.00000000 0.84972604
55200.00000000 0.84998251
55300.00000000 0.85032549
55400.00000000 0.85027271
55500.00000000 0.84963460
55600.00000000 0.84980359
55700.00000000 0.84941870
55800.00000000 0.84966139
55900.00000000 0.84996951
56000.00000000 0.85023166
56100.00000000 0.85041025
56200.00000000 0.85070487
56300.00000000 0.85097789
56400.00000000 0.85130699
56500.00000000 0.85149168
56600.00000000 0.85198242
56700.00000000 0.85207612
56800.00000000 0.85232754
56900.00000000 0.85218714
57000.00000000 0.85193081
57100.00000000 0.85160803
57200.00000000 0.85168504
57300.00000000 0.85154461
57400.00000000 0.85082277
57500.00000000 0.84979992
57600.00000000 0.85010529
57700.00000000 0.85026206
57800.00000000 0.85051629
57900.00000000 0.85102594
58000.00000000 0.85107786
58100.00000000 0.85099125
58200.00000000 0.85123506
58300.00000000 0.85133109
58400.00000000 0.85100301
58500.00000000 0.85065150
58600.00000000 0.85043525
58700.00000000 0.85051822
58800.00000000 0.85055601
58900.00000000 0.85021179
59000.00000000 0.85043089
59100.00000000 0.85077667
59200.00000000 0.85099339
59300.00000000 0.85123066
59400.00000000 0.85146144
59500.00000000 0.85167423
59600.00000000 0.85163201
59700.00000000 0.85174852
59800.00000000 0.85194086
59900.00000000 0.85231685
60000.00000000 0.85247181
60100.00000000 0.85227109
60200.00000000 0.85269529
60300.00000000 0.85276281
60400.00000000 0.85314950
60500.00000000 0.85327544
60600.00000000 0.85353157
60700.00000000 0.85380086
60800.00000000 0.85399422
60900.00000000 0.85425723
61000.00000000 0.85445849
61100.00000000 0.85470816
61200.00000000 0.85493570
61300.00000000 0.85517273
61400.00000000 0.85513030
61500.00000000 0.85493205
61600.00000000 0.85460504
61700.00000000 0.85452770
61800.00000000 0.85478629
61900.00000000 0.85504293
62000.00000000 0.85506650
62100.00000000 0.85497150
62200.00000000 0.85535681
62300.00000000 0.85558463
62400.00000000 0.85579754
62500.00000000 0.85590370
62600.00000000 0.85613952
62700.00000000 0.85645220
62800.00000000 0.85640551
62900.00000000 0.85597321
63000.00000000 0.85579344
63100.00000000 0.85591644
63200.00000000 0.85607274
63300.00000000 0.85594651
63400.00000000 0.85600368
63500.00000000 0.85610165
63600.00000000 0.85622471
63700.00000000 0.85563635
63800.00000000 0.85568560
63900.00000000 0.85592819
64000.00000000 0.85604912
64100.00000000 0.85629351
64200.00000000 0.85645328
64300.00000000 0.85674494
64400.00000000 0.85695921
64500.00000000 0.85689951
64600.00000000 0.85702168
64700.00000000 0.85644628
64800.00000000 0.85658686
64900.00000000 0.85629356
65000.00000000 0.85635674
65100.00000000 0.85626686
65200.00000000 0.85596867
65300.00000000 0.85553595
65400.00000000 0.85486913
65500.00000000 0.85473630
65600.00000000 0.85471063
65700.00000000 0.85494785
65800.00000000 0.85507948
65900.00000000 0.85501668
66000.00000000 0.85522106
66100.00000000 0.85508987
66200.00000000 0.85496363
66300.00000000 0.85491175
66400.00000000 0.85482096
66500.00000000 0.85472475
66600.00000000 0.85482701
66700.00000000 0.85472879
66800.00000000 0.85527006
66900.00000000 0.85523489
67000.00000000 0.85533218
67100.00000000 0.85558597
67200.00000000 0.85541092
67300.00000000 0.85525104
67400.00000000 0.85522124
67500.00000000 0.85526567
67600.00000000 0.85539733
67700.00000000 0.85539354
67800.00000000 0.85557710
67900.00000000 0.85553593
68000.00000000 0.85551593
68100.00000000 0.85566640
68200.00000000 0.85589319
68300.00000000 0.85532865
68400.00000000 0.85550648
68500.00000000 0.85571018
68600.00000000 0.85599228
68700.00000000 0.85619926
68800.00000000 0.85635245
68900.00000000 0.85650359
69000.00000000 0.85683479
69100.00000000 0.85699594
69200.00000000 0.85717019
69300.00000000 0.85730414
69400.00000000 0.85753895
69500.00000000 0.85772005
69600.00000000 0.85765208
69700.00000000 0.85787478
69800.00000000 0.85808612
69900.00000000 0.85822259
70000.00000000 0.85814908
70100.00000000 0.85789357
70200.00000000 0.85781711
70300.00000000 0.85760157
70400.00000000 0.85754250
70500.00000000 0.85753912
70600.00000000 0.85775641
70700.00000000 0.85789668
70800.00000000 0.85810772
70900.00000000 0.85836769
71000.00000000 0.85857554
71100.00000000 0.85869990
71200.00000000 0.85883563
71300.00000000 0.85903223
71400.00000000 0.85872346
71500.00000000 0.85897720
71600.00000000 0.85886421
71700.00000000 0.85870074
71800.00000000 0.85886709
71900.00000000 0.85839899
72000.00000000 0.85839584
72100.00000000 0.85847895
72200.00000000 0.85905521
72300.00000000 0.85891754
72400.00000000 0.85906747
72500.00000000 0.85930126
72600.00000000 0.85944718
72700.00000000 0.85961375
72800.00000000 0.85981986
72900.00000000 0.86000666
73000.00000000 0.86024149
73100.00000000 0.86038977
73200.00000000 0.86070680
73300.00000000 0.86085313
73400.00000000 0.86084437
73500.00000000 0.86045190
73600.00000000 0.86035070
73700.00000000 0.86051272
73800.00000000 0.86066221
73900.00000000 0.86060830
74000.00000000 0.86055070
74100.00000000 0.86057862
74200.00000000 0.86075737
74300.00000000 0.86088868
74400.00000000 0.86123465
74500.00000000 0.86129106
74600.00000000 0.86160043
74700.00000000 0.86173188
74800.00000000 0.86196970
74900.00000000 0.86201089
75000.00000000 0.86217400
75100.00000000 0.86232840
75200.00000000 0.86252990
75300.00000000 0.86255260
75400.00000000 0.86235595
75500.00000000 0.86199909
75600.00000000 0.86194228
75700.00000000 0.86192125
75800.00000000 0.86181827
75900.00000000 0.86156825
76000.00000000 0.86181498
76100.00000000 0.86196515
76200.00000000 0.86226546
76300.00000000 0.86230195
76400.00000000 0.86247146
76500.00000000 0.86271517
76600.00000000 0.86283805
76700.00000000 0.86302247
76800.00000000 0.86320363
76900.00000000 0.86339701
77000.00000000 0.86361908
77100.00000000 0.86372754
77200.00000000 0.86386709
77300.00000000 0.86345799
77400.00000000 0.86376802
77500.00000000 0.86386981
77600.00000000 0.86395169
77700.00000000 0.86414453
77800.00000000 0.86436109
77900.00000000 0.86452567
78000.00000000 0.86466264
78100.00000000 0.86481869
78200.00000000 0.86499404
78300.00000000 0.86517613
78400.00000000 0.86537860
78500.00000000 0.86529068
78600.00000000 0.86525465
78700.00000000 0.86541105
78800.00000000 0.86524037
78900.00000000 0.86506672
79000.00000000 0.86504871
79100.00000000 0.86520884
79200.00000000 0.86513183
79300.00000000 0.86519992
79400.00000000 0.86490057
79500.00000000 0.86442805
79600.00000000 0.86396081
79700.00000000 0.86398405
79800.00000000 0.86413469
79900.00000000 0.86405883
80000.00000000 0.86380373
80100.00000000 0.86397993
80200.00000000 0.86385362
80300.00000000 0.86382068
80400.00000000 0.86407244
80500.00000000 0.86385795
80600.00000000 0.86387158
80700.00000000 0.86398197
80800.00000000 0.86414852
80900.00000000 0.86428201
81000.00000000 0.86450143
81100.00000000 0.86421043
81200.00000000 0.86462191
81300.00000000 0.86446934
81400.00000000 0.86415320
81500.00000000 0.86420073
81600.00000000 0.86392554
81700.00000000 0.86340510
81800.00000000 0.86350643
81900.00000000 0.86360594
82000.00000000 0.86361932
82100.00000000 0.86377032
82200.00000000 0.86388120
82300.00000000 0.86362767
82400.00000000 0.86334301
82500.00000000 0.86325793
82600.00000000 0.86313564
82700.00000000 0.86288209
82800.00000000 0.86271184
82900.00000000 0.86239037
83000.00000000 0.86205649
83100.00000000 0.86170997
83200.00000000 0.86190741
83300.00000000 0.86205673
83400.00000000 0.86216182
83500.00000000 0.86233747
83600.00000000 0.86254596
83700.00000000 0.86282199
83800.00000000 0.86281607
83900.00000000 0.86269476
84000.00000000 0.86214829
84100.00000000 0.86187465
84200.00000000 0.86199375
84300.00000000 0.86211809
84400.00000000 0.86195866
84500.00000000 0.86225491
84600.00000000 0.86225107
84700.00000000 0.86242719
84800.00000000 0.86266689
84900.00000000 0.86275470
85000.00000000 0.86295467
85100.00000000 0.86249155
85200.00000000 0.86267496
85300.00000000 0.86277953
85400.00000000 0.86292742
85500.00000000 0.86309561
85600.00000000 0.86328430
85700.00000000 0.86285857
85800.00000000 0.86268170
85900.00000000 0.86270120
86000.00000000 0.86287233
86100.00000000 0.86303048
86200.00000000 0.86294559
86300.00000000 0.86299129
86400.00000000 0.86301447
86500.00000000 0.86336593
86600.00000000 0.86338565
86700.00000000 0.86347974
86800.00000000 0.86369277
86900.00000000 0.86391663
87000.00000000 0.86395530
87100.00000000 0.86368271
87200.00000000 0.86364848
87300.00000000 0.86377693
87400.00000000 0.86393712
87500.00000000 0.86390823
87600.00000000 0.86366191
87700.00000000 0.86362075
87800.00000000 0.86367289
87900.00000000 0.86304123
88000.00000000 0.86295425
88100.00000000 0.86253034
88200.00000000 0.86246087
88300.00000000 0.86252910
88400.00000000 0.86241586
88500.00000000 0.86253558
88600.00000000 0.86240470
88700.00000000 0.86241641
88800.00000000 0.86204029
88900.00000000 0.86183672
89000.00000000 0.86194094
89100.00000000 0.86196179
89200.00000000 0.86184065
89300.00000000 0.86136419
89400.00000000 0.86142953
89500.00000000 0.86147778
89600.00000000 0.86171203
89700.00000000 0.86168771
89800.00000000 0.86190914
89900.00000000 0.86170510
90000.00000000 0.86182978
90100.00000000 0.86176098
90200.00000000 0.86188228
90300.00000000 0.86170829
90400.00000000 0.86147404
90500.00000000 0.86126336
90600.00000000 0.86139691
90700.00000000 0.86151401
90800.00000000 0.86167402
90900.00000000 0.86185575
91000.00000000 0.86200425
91100.00000000 0.86219134
91200.00000000 0.86236426
91300.00000000 0.86244988
91400.00000000 0.86257984
91500.00000000 0.86224761
91600.00000000 0.86201594
91700.00000000 0.86222510
91800.00000000 0.86213262
91900.00000000 0.86209827
92000.00000000 0.86221775
92100.00000000 0.86236862
92200.00000000 0.86256043
92300.00000000 0.86267605
92400.00000000 0.86284730
92500.00000000 0.86248613
92600.00000000 0.86261852
92700.00000000 0.86251776
92800.00000000 0.86239261
92900.00000000 0.86226608
93000.00000000 0.86182666
93100.00000000 0.86131058
93200.00000000 0.86134144
93300.00000000 0.86128861
93400.00000000 0.86130256
93500.00000000 0.86090983
93600.00000000 0.86078926
93700.00000000 0.86095214
93800.00000000 0.86054283
93900.00000000 0.86055504
94000.00000000 0.86070951
94100.00000000 0.86086576
94200.00000000 0.86102388
94300.00000000 0.86058404
94400.00000000 0.86029634
94500.00000000 0.86006167
94600.00000000 0.85977526
94700.00000000 0.85993775
94800.00000000 0.86001903
94900.00000000 0.86011318
95000.00000000 0.85991029
95100.00000000 0.86001867
95200.00000000 0.86019587
95300.00000000 0.86000664
95400.00000000 0.86012516
95500.00000000 0.86011752
95600.00000000 0.85997399
95700.00000000 0.85979505
95800.00000000 0.85965993
95900.00000000 0.85945179
96000.00000000 0.85952596
96100.00000000 0.85971973
96200.00000000 0.85953184
96300.00000000 0.85960226
96400.00000000 0.85959549
96500.00000000 0.85970638
96600.00000000 0.85961746
96700.00000000 0.85937259
96800.00000000 0.85936584
96900.00000000 0.85908576
97000.00000000 0.85869651
97100.00000000 0.85876508
97200.00000000 0.85873475
97300.00000000 0.85882840
97400.00000000 0.85859821
97500.00000000 0.85845726
97600.00000000 0.85854599
97700.00000000 0.85871353
97800.00000000 0.85885638
97900.00000000 0.85846356
98000.00000000 0.85823987
98100.00000000 0.85835480
98200.00000000 0.85853171
98300.00000000 0.85863505
98400.00000000 0.85847735
98500.00000000 0.85852312
98600.00000000 0.85865722
98700.00000000 0.85872535
98800.00000000 0.85861491
98900.00000000 0.85864945
99000.00000000 0.85882034
99100.00000000 0.85893382
99200.00000000 0.85913111
99300.00000000 0.85910139
99400.00000000 0.85912996
99500.00000000 0.85913583
99600.00000000 0.85881869
99700.00000000 0.85868815
99800.00000000 0.85868339
99900.00000000 0.85887278
100000.00000000 0.85892474
