100.00000000 0.97223497
200.00000000 0.85631828
300.00000000 0.86656070
400.00000000 0.89816452
500.00000000 0.85690042
600.00000000 0.87746608
700.00000000 0.89134302
800.00000000 0.91273637
900.00000000 0.89902295
1000.00000000 0.90919987
1100.00000000 0.91194496
1200.00000000 0.91845681
1300.00000000 0.92661613
1400.00000000 0.92944171
1500.00000000 0.93805324
1600.00000000 0.94828186
1700.00000000 0.94634762
1800.00000000 0.94798981
1900.00000000 0.94858663
2000.00000000 0.95172871
2100.00000000 0.95331578
2200.00000000 0.96001012
2300.00000000 0.95751562
2400.00000000 0.95872707
2500.00000000 0.96036284
2600.00000000 0.96263227
2700.00000000 0.96334575
2800.00000000 0.96668079
2900.00000000 0.96593843
3000.00000000 0.96793262
3100.00000000 0.95773466
3200.00000000 0.95884808
3300.00000000 0.95873639
3400.00000000 0.95700198
3500.00000000 0.95836814
3600.00000000 0.96284179
3700.00000000 0.96115520
3800.00000000 0.96320665
3900.00000000 0.95906449
4000.00000000 0.95066604
4100.00000000 0.95014526
4200.00000000 0.94151438
4300.00000000 0.94205780
4400.00000000 0.93120644
4500.00000000 0.92915512
4600.00000000 0.92725706
4700.00000000 0.93067228
4800.00000000 0.93167222
4900.00000000 0.93268948
5000.00000000 0.93408334
5100.00000000 0.93433524
5200.00000000 0.93549310
5300.00000000 0.93706888
5400.00000000 0.93513864
5500.00000000 0.93446085
5600.00000000 0.92705432
5700.00000000 0.92558714
5800.00000000 0.92654117
5900.00000000 0.92837363
6000.00000000 0.92995336
6100.00000000 0.93029215
6200.00000000 0.93135436
6300.00000000 0.92918935
6400.00000000 0.92516828
6500.00000000 0.91969074
6600.00000000 0.91670553
6700.00000000 0.91833867
6800.00000000 0.91840003
6900.00000000 0.91385911
7000.00000000 0.91172269
7100.00000000 0.90902534
7200.00000000 0.90608984
7300.00000000 0.90157096
7400.00000000 0.90148018
7500.00000000 0.89982950
7600.00000000 0.89956321
7700.00000000 0.90002820
7800.00000000 0.90267353
7900.00000000 0.90238534
8000.00000000 0.90400979
8100.00000000 0.90732532
8200.00000000 0.90656073
8300.00000000 0.90707037
8400.00000000 0.90897760
8500.00000000 0.90933003
8600.00000000 0.91074612
8700.00000000 0.91118446
8800.00000000 0.91178176
8900.00000000 0.91258208
9000.00000000 0.91120789
9100.00000000 0.90579420
9200.00000000 0.90713014
9300.00000000 0.90822454
9400.00000000 0.90874526
9500.00000000 0.90993966
9600.00000000 0.91067740
9700.00000000 0.91266537
9800.00000000 0.91425612
9900.00000000 0.91374195
10000.00000000 0.91557253
10100.00000000 0.91480077
10200.00000000 0.91564823
10300.00000000 0.91347856
10400.00000000 0.91231240
10500.00000000 0.91248041
10600.00000000 0.90901277
10700.00000000 0.90752896
10800.00000000 0.90488719
10900.00000000 0.90449073
11000.00000000 0.90389652
11100.00000000 0.90462376
11200.00000000 0.90546729
11300.00000000 0.90621936
11400.00000000 0.90454001
11500.00000000 0.90527596
11600.00000000 0.90384930
11700.00000000 0.90110557
11800.00000000 0.90039884
11900.00000000 0.90173830
12000.00000000 0.90208865
12100.00000000 0.90295385
12200.00000000 0.90377330
12300.00000000 0.90287807
12400.00000000 0.90127049
12500.00000000 0.89802080
12600.00000000 0.89844732
12700.00000000 0.89810803
12800.00000000 0.89906603
12900.00000000 0.89975746
13000.00000000 0.90036984
13100.00000000 0.90183062
13200.00000000 0.90234841
13300.00000000 0.90366335
13400.00000000 0.90335027
13500.00000000 0.90428353
13600.00000000 0.90507744
13700.00000000 0.90622528
13800.00000000 0.90671273
13900.00000000 0.90689324
14000.00000000 0.90748197
14100.00000000 0.90824758
14200.00000000 0.90885843
14300.00000000 0.90941741
14400.00000000 0.91018670
14500.00000000 0.91094791
14600.00000000 0.91145250
14700.00000000 0.91214899
14800.00000000 0.91258507
14900.00000000 0.91344589
15000.00000000 0.91382793
15100.00000000 0.91442936
15200.00000000 0.91485078
15300.00000000 0.91538228
15400.00000000 0.91643073
15500.00000000 0.91658580
15600.00000000 0.91572950
15700.00000000 0.91482151
15800.00000000 0.91405296
15900.00000000 0.91442227
16000.00000000 0.91449981
16100.00000000 0.91463900
16200.00000000 0.91521758
16300.00000000 0.91561842
16400.00000000 0.91622857
16500.00000000 0.91661115
16600.00000000 0.91756096
16700.00000000 0.91763063
16800.00000000 0.91819672
16900.00000000 0.91855977
17000.00000000 0.91982690
17100.00000000 0.91994734
17200.00000000 0.92050947
17300.00000000 0.92073599
17400.00000000 0.92088439
17500.00000000 0.92135250
17600.00000000 0.92223521
17700.00000000 0.92270661
17800.00000000 0.92291461
17900.00000000 0.92309548
18000.00000000 0.92407830
18100.00000000 0.92403665
18200.00000000 0.92258869
18300.00000000 0.92322103
18400.00000000 0.92345889
18500.00000000 0.92304095
18600.00000000 0.92356870
18700.00000000 0.92160507
18800.00000000 0.92046377
18900.00000000 0.92026354
19000.00000000 0.92001504
19100.00000000 0.92028814
19200.00000000 0.91955545
19300.00000000 0.91987016
19400.00000000 0.92017451
19500.00000000 0.91945805
19600.00000000 0.91972311
19700.00000000 0.92030918
19800.00000000 0.92088587
19900.00000000 0.91909418
20000.00000000 0.91867892
20100.00000000 0.91902549
20200.00000000 0.91941265
20300.00000000 0.91982549
20400.00000000 0.92039114
20500.00000000 0.91978090
20600.00000000 0.92040912
20700.00000000 0.91971127
20800.00000000 0.91822658
20900.00000000 0.91734837
21000.00000000 0.91734555
21100.00000000 0.91633018
21200.00000000 0.91505252
21300.00000000 0.91315948
21400.00000000 0.91244490
21500.00000000 0.91114403
21600.00000000 0.91055760
21700.00000000 0.91077117
21800.00000000 0.90969216
21900.00000000 0.90956787
22000.00000000 0.90946997
22100.00000000 0.90894601
22200.00000000 0.90759560
22300.00000000 0.90712911
22400.00000000 0.90758320
22500.00000000 0.90809956
22600.00000000 0.90862023
22700.00000000 0.90916609
22800.00000000 0.90917063
22900.00000000 0.90985585
23000.00000000 0.90994535
23100.00000000 0.91073120
23200.00000000 0.91086542
23300.00000000 0.91111293
23400.00000000 0.91145530
23500.00000000 0.91065833
23600.00000000 0.91066622
23700.00000000 0.90954000
23800.00000000 0.90806593
23900.00000000 0.90845154
24000.00000000 0.90902357
24100.00000000 0.90933242
24200.00000000 0.90951492
24300.00000000 0.90984311
24400.00000000 0.90859328
24500.00000000 0.90861183
24600.00000000 0.90916315
24700.00000000 0.90938686
24800.00000000 0.90914948
24900.00000000 0.90853321
25000.00000000 0.90890074
25100.00000000 0.90924840
25200.00000000 0.90925765
25300.00000000 0.90982134
25400.00000000 0.91038522
25500.00000000 0.91053294
25600.00000000 0.91074645
25700.00000000 0.91018996
25800.00000000 0.90944779
25900.00000000 0.90820952
26000.00000000 0.90813668
26100.00000000 0.90812622
26200.00000000 0.90574174
26300.00000000 0.90616230
26400.00000000 0.90586930
26500.00000000 0.90644710
26600.00000000 0.90684678
26700.00000000 0.90706032
26800.00000000 0.90577660
26900.00000000 0.90592103
27000.00000000 0.90498285
27100.00000000 0.90416106
27200.00000000 0.90345791
27300.00000000 0.90401743
27400.00000000 0.90422191
27500.00000000 0.90435561
27600.00000000 0.90461209
27700.00000000 0.90427896
27800.00000000 0.90395951
27900.00000000 0.90445304
28000.00000000 0.90471584
28100.00000000 0.90507352
28200.00000000 0.90363156
28300.00000000 0.90331328
28400.00000000 0.90386248
28500.00000000 0.90399594
28600.00000000 0.90423901
28700.00000000 0.90462601
28800.00000000 0.90410904
28900.00000000 0.90440847
29000.00000000 0.90468126
29100.00000000 0.90440507
29200.00000000 0.90451957
29300.00000000 0.90390695
29400.00000000 0.90404582
29500.00000000 0.90430346
29600.00000000 0.90461660
29700.00000000 0.90489500
29800.00000000 0.90486456
29900.00000000 0.90460721
30000.00000000 0.90447197
30100.00000000 0.90495634
30200.00000000 0.90461903
30300.00000000 0.90478130
30400.00000000 0.90594149
30500.00000000 0.90542153
30600.00000000 0.90576545
30700.00000000 0.90615836
30800.00000000 0.90504301
30900.00000000 0.90442234
31000.00000000 0.90483937
31100.00000000 0.90451250
31200.00000000 0.90396418
31300.00000000 0.90454581
31400.00000000 0.90492857
31500.00000000 0.90488499
31600.00000000 0.90518059
31700.00000000 0.90539639
31800.00000000 0.90581418
31900.00000000 0.90642671
32000.00000000 0.90627963
32100.00000000 0.90662806
32200.00000000 0.90590750
32300.00000000 0.90409260
32400.00000000 0.90421246
32500.00000000 0.90462033
32600.00000000 0.90443809
32700.00000000 0.90301005
32800.00000000 0.90256663
32900.00000000 0.90207357
33000.00000000 0.90214072
33100.00000000 0.90260203
33200.00000000 0.90275303
33300.00000000 0.90311246
33400.00000000 0.90329843
33500.00000000 0.90329775
33600.00000000 0.90307117
33700.00000000 0.90319023
33800.00000000 0.90319698
33900.00000000 0.90286661
34000.00000000 0.90315649
34100.00000000 0.90331011
34200.00000000 0.90330593
34300.00000000 0.90293604
34400.00000000 0.90359451
34500.00000000 0.90339048
34600.00000000 0.90365747
34700.00000000 0.90398104
34800.00000000 0.90424258
34900.00000000 0.90453535
35000.00000000 0.90476170
35100.00000000 0.90507058
35200.00000000 0.90535948
35300.00000000 0.90538600
35400.00000000 0.90569177
35500.00000000 0.90625354
35600.00000000 0.90625164
35700.00000000 0.90503990
35800.00000000 0.90498983
35900.00000000 0.90468264
36000.00000000 0.90334621
36100.00000000 0.90352489
36200.00000000 0.90255007
36300.00000000 0.90276735
36400.00000000 0.90190726
36500.00000000 0.90179809
36600.00000000 0.90196187
36700.00000000 0.90217378
36800.00000000 0.90176525
36900.00000000 0.90190188
37000.00000000 0.90232586
37100.00000000 0.90232040
37200.00000000 0.90251746
37300.00000000 0.90253886
37400.00000000 0.90230034
37500.00000000 0.90246411
37600.00000000 0.90135619
37700.00000000 0.90121210
37800.00000000 0.90141884
37900.00000000 0.90115341
38000.00000000 0.90029418
38100.00000000 0.90032713
38200.00000000 0.90065716
38300.00000000 0.90107469
38400.00000000 0.90148589
38500.00000000 0.90172118
38600.00000000 0.90167632
38700.00000000 0.90184239
38800.00000000 0.90224310
38900.00000000 0.90236600
39000.00000000 0.90273173
39100.00000000 0.90311495
39200.00000000 0.90309504
39300.00000000 0.90324160
39400.00000000 0.90294333
39500.00000000 0.90264788
39600.00000000 0.90310374
39700.00000000 0.90256092
39800.00000000 0.90194081
39900.00000000 0.90231648
40000.00000000 0.90238430
40100.00000000 0.90227347
40200.00000000 0.90234782
40300.00000000 0.90226273
40400.00000000 0.90213313
40500.00000000 0.90235435
40600.00000000 0.90280197
40700.00000000 0.90298056
40800.00000000 0.90379226
40900.00000000 0.90331481
41000.00000000 0.90393348
41100.00000000 0.90384119
41200.00000000 0.90423776
41300.00000000 0.90438153
41400.00000000 0.90449025
41500.00000000 0.90476189
41600.00000000 0.90500979
41700.00000000 0.90519592
41800.00000000 0.90546001
41900.00000000 0.90575065
42000.00000000 0.90609195
42100.00000000 0.90616620
42200.00000000 0.90634817
42300.00000000 0.90652970
42400.00000000 0.90694179
42500.00000000 0.90710347
42600.00000000 0.90725211
42700.00000000 0.90743920
42800.00000000 0.90806579
42900.00000000 0.90761198
43000.00000000 0.90674984
43100.00000000 0.90624073
43200.00000000 0.90583445
43300.00000000 0.90564083
43400.00000000 0.90546232
43500.00000000 0.90506351
43600.00000000 0.90458503
43700.00000000 0.90438164
43800.00000000 0.90427088
43900.00000000 0.90406064
44000.00000000 0.90421942
44100.00000000 0.90452301
44200.00000000 0.90458440
44300.00000000 0.90477296
44400.00000000 0.90512804
44500.00000000 0.90525067
44600.00000000 0.90531314
44700.00000000 0.90509154
44800.00000000 0.90518002
44900.00000000 0.90527286
45000.00000000 0.90418580
45100.00000000 0.90420633
45200.00000000 0.90435115
45300.00000000 0.90418901
45400.00000000 0.90412173
45500.00000000 0.90394889
45600.00000000 0.90383213
45700.00000000 0.90392529
45800.00000000 0.90305058
45900.00000000 0.90252748
46000.00000000 0.90240318
46100.00000000 0.90220438
46200.00000000 0.90201894
46300.00000000 0.90128219
46400.00000000 0.90068778
46500.00000000 0.89966940
46600.00000000 0.89952905
46700.00000000 0.89867329
46800.00000000 0.89870219
46900.00000000 0.89876313
47000.00000000 0.89919442
47100.00000000 0.89919222
47200.00000000 0.89825231
47300.00000000 0.89811714
47400.00000000 0.89824835
47500.00000000 0.89848763
47600.00000000 0.89879960
47700.00000000 0.89889612
47800.00000000 0.89911541
47900.00000000 0.89927230
48000.00000000 0.89939555
48100.00000000 0.89950944
48200.00000000 0.89907460
48300.00000000 0.89916046
48400.00000000 0.89902992
48500.00000000 0.89919058
48600.00000000 0.89918522
48700.00000000 0.89951687
48800.00000000 0.89960806
48900.00000000 0.90002751
49000.00000000 0.90026998
49100.00000000 0.90014470
49200.00000000 0.90031102
49300.00000000 0.90034213
49400.00000000 0.90062719
49500.00000000 0.90067878
49600.00000000 0.90006293
49700.00000000 0.90032784
49800.00000000 0.89956934
49900.00000000 0.89974868
50000.00000000 0.89888863
50100.00000000 0.89864567
50200.00000000 0.89871008
50300.00000000 0.89891666
50400.00000000 0.89942667
50500.00000000 0.89935686
50600.00000000 0.89942694
50700.00000000 0.89965882
50800.00000000 0.89988179
50900.00000000 0.90007234
51000.00000000 0.90029959
51100.00000000 0.90041422
51200.00000000 0.90066584
51300.00000000 0.90091461
51400.00000000 0.90034129
51500.00000000 0.89966745
51600.00000000 0.89977591
51700.00000000 0.89990518
51800.00000000 0.89981032
51900.00000000 0.90007993
52000.00000000 0.90006309
52100.00000000 0.90019609
52200.00000000 0.90042093
52300.00000000 0.90021838
52400.00000000 0.89995575
52500.00000000 0.90032775
52600.00000000 0.89937125
52700.00000000 0.89871305
52800.00000000 0.89883132
52900.00000000 0.89915107
53000.00000000 0.89933750
53100.00000000 0.89918826
53200.00000000 0.89907682
53300.00000000 0.89906158
53400.00000000 0.89925341
53500.00000000 0.89932241
53600.00000000 0.89953743
53700.00000000 0.89962981
53800.00000000 0.89955032
53900.00000000 0.89951090
54000.00000000 0.89874154
54100.00000000 0.89849536
54200.00000000 0.89853993
54300.00000000 0.89814217
54400.00000000 0.89789865
54500.00000000 0.89750111
54600.00000000 0.89741080
54700.00000000 0.89745909
54800.00000000 0.89733096
54900.00000000 0.89677066
55000.00000000 0.89647633
55100.00000000 0.89623936
55200.00000000 0.89630967
55300.00000000 0.89608268
55400.00000000 0.89615344
55500.00000000 0.89570795
55600.00000000 0.89492684
55700.00000000 0.89426049
55800.00000000 0.89444777
55900.00000000 0.89486557
56000.00000000 0.89479196
56100.00000000 0.89497983
56200.00000000 0.89495734
56300.00000000 0.89427577
56400.00000000 0.89362492
56500.00000000 0.89343017
56600.00000000 0.89343958
56700.00000000 0.89338241
56800.00000000 0.89364213
56900.00000000 0.89390088
57000.00000000 0.89399900
57100.00000000 0.89284672
57200.00000000 0.89281381
57300.00000000 0.89288929
57400.00000000 0.89280032
57500.00000000 0.89290761
57600.00000000 0.89313563
57700.00000000 0.89340231
57800.00000000 0.89348577
57900.00000000 0.89354499
58000.00000000 0.89324329
58100.00000000 0.89318415
58200.00000000 0.89297825
58300.00000000 0.89243198
58400.00000000 0.89283795
58500.00000000 0.89283555
58600.00000000 0.89298829
58700.00000000 0.89327532
58800.00000000 0.89338095
58900.00000000 0.89371450
59000.00000000 0.89357919
59100.00000000 0.89289788
59200.00000000 0.89287453
59300.00000000 0.89311659
59400.00000000 0.89323266
59500.00000000 0.89349305
59600.00000000 0.89357364
59700.00000000 0.89386802
59800.00000000 0.89402429
59900.00000000 0.89415515
60000.00000000 0.89436790
60100.00000000 0.89478944
60200.00000000 0.89463779
60300.00000000 0.89492880
60400.00000000 0.89516756
60500.00000000 0.89529643
60600.00000000 0.89533622
60700.00000000 0.89555814
60800.00000000 0.89567481
60900.00000000 0.89618290
61000.00000000 0.89609813
61100.00000000 0.89619869
61200.00000000 0.89638209
61300.00000000 0.89654841
61400.00000000 0.89670381
61500.00000000 0.89686609
61600.00000000 0.89705489
61700.00000000 0.89719409
61800.00000000 0.89743210
61900.00000000 0.89769742
62000.00000000 0.89788178
62100.00000000 0.89788397
62200.00000000 0.89802067
62300.00000000 0.89818697
62400.00000000 0.89778914
62500.00000000 0.89740215
62600.00000000 0.89754819
62700.00000000 0.89767812
62800.00000000 0.89803423
62900.00000000 0.89802101
63000.00000000 0.89808929
63100.00000000 0.89830168
63200.00000000 0.89838248
63300.00000000 0.89848911
63400.00000000 0.89853694
63500.00000000 0.89795069
63600.00000000 0.89779130
63700.00000000 0.89759562
63800.00000000 0.89738391
63900.00000000 0.89732084
64000.00000000 0.89737934
64100.00000000 0.89751239
64200.00000000 0.89718419
64300.00000000 0.89732206
64400.00000000 0.89723100
64500.00000000 0.89734102
64600.00000000 0.89765879
64700.00000000 0.89749349
64800.00000000 0.89756865
64900.00000000 0.89717776
65000.00000000 0.89702279
65100.00000000 0.89650796
65200.00000000 0.89630265
65300.00000000 0.89610474
65400.00000000 0.89617467
65500.00000000 0.89637924
65600.00000000 0.89654397
65700.00000000 0.89665662
65800.00000000 0.89641526
65900.00000000 0.89656160
66000.00000000 0.89614430
66100.00000000 0.89606433
66200.00000000 0.89616511
66300.00000000 0.89628924
66400.00000000 0.89649699
66500.00000000 0.89670914
66600.00000000 0.89671046
66700.00000000 0.89668312
66800.00000000 0.89688678
66900.00000000 0.89698340
67000.00000000 0.89677221
67100.00000000 0.89696742
67200.00000000 0.89707639
67300.00000000 0.89724168
67400.00000000 0.89740922
67500.00000000 0.89753619
67600.00000000 0.89778555
67700.00000000 0.89785299
67800.00000000 0.89798716
67900.00000000 0.89816569
68000.00000000 0.89828831
68100.00000000 0.89846610
68200.00000000 0.89864064
68300.00000000 0.89878332
68400.00000000 0.89892470
68500.00000000 0.89902133
68600.00000000 0.89925125
68700.00000000 0.89932079
68800.00000000 0.89943896
68900.00000000 0.89925136
69000.00000000 0.89913419
69100.00000000 0.89927237
69200.00000000 0.89942262
69300.00000000 0.89960329
69400.00000000 0.89970605
69500.00000000 0.89934959
69600.00000000 0.89948186
69700.00000000 0.89908680
69800.00000000 0.89946524
69900.00000000 0.89943726
70000.00000000 0.89963796
70100.00000000 0.89931940
70200.00000000 0.89925185
70300.00000000 0.89879230
70400.00000000 0.89867169
70500.00000000 0.89881645
70600.00000000 0.89819266
70700.00000000 0.89845737
70800.00000000 0.89844072
70900.00000000 0.89853861
71000.00000000 0.89845403
71100.00000000 0.89818741
71200.00000000 0.89833888
71300.00000000 0.89835001
71400.00000000 0.89828845
71500.00000000 0.89824331
71600.00000000 0.89774984
71700.00000000 0.89783968
71800.00000000 0.89802867
71900.00000000 0.89820157
72000.00000000 0.89818226
72100.00000000 0.89811053
72200.00000000 0.89787407
72300.00000000 0.89754826
72400.00000000 0.89782718
72500.00000000 0.89777564
72600.00000000 0.89801704
72700.00000000 0.89808896
72800.00000000 0.89811327
72900.00000000 0.89741497
73000.00000000 0.89686395
73100.00000000 0.89661917
73200.00000000 0.89670411
73300.00000000 0.89689123
73400.00000000 0.89697560
73500.00000000 0.89713190
73600.00000000 0.89726437
73700.00000000 0.89756725
73800.00000000 0.89752652
73900.00000000 0.89767450
74000.00000000 0.89762898
74100.00000000 0.89738358
74200.00000000 0.89697951
74300.00000000 0.89670381
74400.00000000 0.89676792
74500.00000000 0.89673234
74600.00000000 0.89683920
74700.00000000 0.89646142
74800.00000000 0.89666371
74900.00000000 0.89668182
75000.00000000 0.89693215
75100.00000000 0.89692040
75200.00000000 0.89706767
75300.00000000 0.89723108
75400.00000000 0.89739815
75500.00000000 0.89751438
75600.00000000 0.89767783
75700.00000000 0.89808505
75800.00000000 0.89791284
75900.00000000 0.89813083
76000.00000000 0.89824724
76100.00000000 0.89838816
76200.00000000 0.89843507
76300.00000000 0.89870744
76400.00000000 0.89869418
76500.00000000 0.89882744
76600.00000000 0.89900320
76700.00000000 0.89911669
76800.00000000 0.89925464
76900.00000000 0.89932986
77000.00000000 0.89926154
77100.00000000 0.89890683
77200.00000000 0.89905177
77300.00000000 0.89861993
77400.00000000 0.89849105
77500.00000000 0.89853509
77600.00000000 0.89866270
77700.00000000 0.89879479
77800.00000000 0.89892480
77900.00000000 0.89918156
78000.00000000 0.89913622
78100.00000000 0.89930586
78200.00000000 0.89942943
78300.00000000 0.89953014
78400.00000000 0.89946561
78500.00000000 0.89959622
78600.00000000 0.89953873
78700.00000000 0.89980026
78800.00000000 0.89980197
78900.00000000 0.89998640
79000.00000000 0.89994426
79100.00000000 0.90006500
79200.00000000 0.90014559
79300.00000000 0.90033330
79400.00000000 0.90040583
79500.00000000 0.90052998
79600.00000000 0.90055001
79700.00000000 0.90059385
79800.00000000 0.90069358
79900.00000000 0.90094063
80000.00000000 0.90104869
80100.00000000 0.90108790
80200.00000000 0.90113258
80300.00000000 0.90116878
80400.00000000 0.90094314
80500.00000000 0.90088248
80600.00000000 0.90054193
80700.00000000 0.90034000
80800.00000000 0.90047881
80900.00000000 0.90011033
81000.00000000 0.90014775
81100.00000000 0.90017451
81200.00000000 0.89989968
81300.00000000 0.89999243
81400.00000000 0.89962194
81500.00000000 0.89950652
81600.00000000 0.89952961
81700.00000000 0.89951049
81800.00000000 0.89931050
81900.00000000 0.89909791
82000.00000000 0.89891542
82100.00000000 0.89892794
82200.00000000 0.89913536
82300.00000000 0.89917666
82400.00000000 0.89930606
82500.00000000 0.89960616
82600.00000000 0.89924371
82700.00000000 0.89897480
82800.00000000 0.89892087
82900.00000000 0.89852061
83000.00000000 0.89826170
83100.00000000 0.89810956
83200.00000000 0.89777559
83300.00000000 0.89788602
83400.00000000 0.89796570
83500.00000000 0.89781225
83600.00000000 0.89732871
83700.00000000 0.89708609
83800.00000000 0.89691146
83900.00000000 0.89670555
84000.00000000 0.89619662
84100.00000000 0.89604451
84200.00000000 0.89586198
84300.00000000 0.89558450
84400.00000000 0.89524279
84500.00000000 0.89517081
84600.00000000 0.89530553
84700.00000000 0.89545238
84800.00000000 0.89533754
84900.00000000 0.89515459
85000.00000000 0.89488241
85100.00000000 0.89510294
85200.00000000 0.89505031
85300.00000000 0.89517288
85400.00000000 0.89532663
85500.00000000 0.89541972
85600.00000000 0.89557019
85700.00000000 0.89540497
85800.00000000 0.89538760
85900.00000000 0.89473829
86000.00000000 0.89429898
86100.00000000 0.89447934
86200.00000000 0.89440452
86300.00000000 0.89396469
86400.00000000 0.89379407
86500.00000000 0.89363195
86600.00000000 0.89368802
86700.00000000 0.89304749
86800.00000000 0.89318102
86900.00000000 0.89324305
87000.00000000 0.89323860
87100.00000000 0.89323718
87200.00000000 0.89306825
87300.00000000 0.89270398
87400.00000000 0.89245354
87500.00000000 0.89244800
87600.00000000 0.89263824
87700.00000000 0.89267446
87800.00000000 0.89279126
87900.00000000 0.89293606
88000.00000000 0.89306761
88100.00000000 0.89316547
88200.00000000 0.89315560
88300.00000000 0.89326806
88400.00000000 0.89322381
88500.00000000 0.89334075
88600.00000000 0.89347339
88700.00000000 0.89358075
88800.00000000 0.89304540
88900.00000000 0.89272811
89000.00000000 0.89250411
89100.00000000 0.89263606
89200.00000000 0.89270711
89300.00000000 0.89282705
89400.00000000 0.89296256
89500.00000000 0.89292076
89600.00000000 0.89294378
89700.00000000 0.89314806
89800.00000000 0.89307864
89900.00000000 0.89331498
90000.00000000 0.89336264
90100.00000000 0.89347364
90200.00000000 0.89357129
90300.00000000 0.89366768
90400.00000000 0.89379888
90500.00000000 0.89377924
90600.00000000 0.89371136
90700.00000000 0.89362767
90800.00000000 0.89337000
90900.00000000 0.89287568
91000.00000000 0.89263170
91100.00000000 0.89222213
91200.00000000 0.89226747
91300.00000000 0.89238961
91400.00000000 0.89253112
91500.00000000 0.89261204
91600.00000000 0.89273543
91700.00000000 0.89292688
91800.00000000 0.89296593
91900.00000000 0.89309458
92000.00000000 0.89305774
92100.00000000 0.89318309
92200.00000000 0.89326867
92300.00000000 0.89321141
92400.00000000 0.89336042
92500.00000000 0.89344904
92600.00000000 0.89350077
92700.00000000 0.89362666
92800.00000000 0.89369285
92900.00000000 0.89389784
93000.00000000 0.89398790
93100.00000000 0.89409794
93200.00000000 0.89414056
93300.00000000 0.89418098
93400.00000000 0.89408192
93500.00000000 0.89430079
93600.00000000 0.89441154
93700.00000000 0.89442506
93800.00000000 0.89465287
93900.00000000 0.89470207
94000.00000000 0.89474819
94100.00000000 0.89470599
94200.00000000 0.89470474
94300.00000000 0.89466888
94400.00000000 0.89487714
94500.00000000 0.89489245
94600.00000000 0.89472037
94700.00000000 0.89498627
94800.00000000 0.89495294
94900.00000000 0.89507216
95000.00000000 0.89513072
95100.00000000 0.89524119
95200.00000000 0.89551559
95300.00000000 0.89552237
95400.00000000 0.89557310
95500.00000000 0.89567850
95600.00000000 0.89566708
95700.00000000 0.89575301
95800.00000000 0.89559888
95900.00000000 0.89573986
96000.00000000 0.89582987
96100.00000000 0.89567838
96200.00000000 0.89569175
96300.00000000 0.89546457
96400.00000000 0.89527994
96500.00000000 0.89525247
96600.00000000 0.89488081
96700.00000000 0.89496607
96800.00000000 0.89477526
96900.00000000 0.89527514
97000.00000000 0.89492154
97100.00000000 0.89500313
97200.00000000 0.89510864
97300.00000000 0.89521146
97400.00000000 0.89532570
97500.00000000 0.89532400
97600.00000000 0.89526034
97700.00000000 0.89526752
97800.00000000 0.89544533
97900.00000000 0.89547762
98000.00000000 0.89562369
98100.00000000 0.89546286
98200.00000000 0.89513553
98300.00000000 0.89493198
98400.00000000 0.89501276
98500.00000000 0.89517864
98600.00000000 0.89500741
98700.00000000 0.89447627
98800.00000000 0.89460232
98900.00000000 0.89468896
99000.00000000 0.89483565
99100.00000000 0.89488425
99200.00000000 0.89503244
99300.00000000 0.89493348
99400.00000000 0.89461202
99500.00000000 0.89457682
99600.00000000 0.89455669
99700.00000000 0.89442818
99800.00000000 0.89414168
99900.00000000 0.89418041
100000.00000000 0.89399729
