100.00000000 0.96949819
200.00000000 0.88761898
300.00000000 0.88346589
400.00000000 0.86434307
500.00000000 0.87002987
600.00000000 0.86935012
700.00000000 0.89600441
800.00000000 0.90866252
900.00000000 0.88934965
1000.00000000 0.89322373
1100.00000000 0.89474788
1200.00000000 0.87752766
1300.00000000 0.88652266
1400.00000000 0.89652866
1500.00000000 0.90581987
1600.00000000 0.91653821
1700.00000000 0.91408045
1800.00000000 0.91750344
1900.00000000 0.92271700
2000.00000000 0.92688519
2100.00000000 0.92883753
2200.00000000 0.93577037
2300.00000000 0.93576908
2400.00000000 0.94098691
2500.00000000 0.94053212
2600.00000000 0.94470156
2700.00000000 0.94633482
2800.00000000 0.94662540
2900.00000000 0.95166498
3000.00000000 0.95237427
3100.00000000 0.95199120
3200.00000000 0.95742626
3300.00000000 0.95639121
3400.00000000 0.96051866
3500.00000000 0.95932025
3600.00000000 0.96027322
3700.00000000 0.96360785
3800.00000000 0.96076815
3900.00000000 0.96466350
4000.00000000 0.96422274
4100.00000000 0.96419515
4200.00000000 0.96463133
4300.00000000 0.96539667
4400.00000000 0.96611668
4500.00000000 0.96821225
4600.00000000 0.96821496
4700.00000000 0.96833806
4800.00000000 0.96901221
4900.00000000 0.97176175
5000.00000000 0.97033517
5100.00000000 0.97218943
5200.00000000 0.97135459
5300.00000000 0.97266122
5400.00000000 0.97273162
5500.00000000 0.97300574
5600.00000000 0.97413732
5700.00000000 0.97390077
5800.00000000 0.97399388
5900.00000000 0.97486407
6000.00000000 0.97493151
6100.00000000 0.97530736
6200.00000000 0.97708577
6300.00000000 0.97600616
6400.00000000 0.97636164
6500.00000000 0.97810607
6600.00000000 0.97777291
6700.00000000 0.97754116
6800.00000000 0.97863709
6900.00000000 0.97839507
7000.00000000 0.97866035
7100.00000000 0.97897844
7200.00000000 0.97956750
7300.00000000 0.97925260
7400.00000000 0.97983579
7500.00000000 0.97989682
7600.00000000 0.97998163
7700.00000000 0.98070621
7800.00000000 0.98233133
7900.00000000 0.98078033
8000.00000000 0.98122365
8100.00000000 0.97882994
8200.00000000 0.97907689
8300.00000000 0.98018937
8400.00000000 0.98081218
8500.00000000 0.97956569
8600.00000000 0.98040144
8700.00000000 0.98006423
8800.00000000 0.98048000
8900.00000000 0.98100572
9000.00000000 0.97886637
9100.00000000 0.97874584
9200.00000000 0.97945129
9300.00000000 0.97921141
9400.00000000 0.97976450
9500.00000000 0.97934134
9600.00000000 0.98037047
9700.00000000 0.97996775
9800.00000000 0.98039787
9900.00000000 0.98060039
10000.00000000 0.98151947
10100.00000000 0.98080079
10200.00000000 0.98094431
10300.00000000 0.97923307
10400.00000000 0.97722822
10500.00000000 0.97581053
10600.00000000 0.97556699
10700.00000000 0.97585074
10800.00000000 0.97313240
10900.00000000 0.97328486
11000.00000000 0.97371553
11100.00000000 0.97340083
11200.00000000 0.97269082
11300.00000000 0.97099995
11400.00000000 0.96991508
11500.00000000 0.96978799
11600.00000000 0.96996138
11700.00000000 0.96687621
11800.00000000 0.96637241
11900.00000000 0.96618299
12000.00000000 0.96550116
12100.00000000 0.96549455
12200.00000000 0.96553996
12300.00000000 0.96259911
12400.00000000 0.96290000
12500.00000000 0.96042459
12600.00000000 0.95864502
12700.00000000 0.95889832
12800.00000000 0.95926799
12900.00000000 0.95904231
13000.00000000 0.95936000
13100.00000000 0.95832437
13200.00000000 0.95826564
13300.00000000 0.95612346
13400.00000000 0.95349928
13500.00000000 0.95342583
13600.00000000 0.95156253
13700.00000000 0.95182727
13800.00000000 0.95295825
13900.00000000 0.95232482
14000.00000000 0.95362316
14100.00000000 0.95304768
14200.00000000 0.95446186
14300.00000000 0.95371830
14400.00000000 0.95417970
14500.00000000 0.95521230
14600.00000000 0.95523119
14700.00000000 0.95548269
14800.00000000 0.95573368
14900.00000000 0.95564983
15000.00000000 0.95611336
15100.00000000 0.95612479
15200.00000000 0.95645523
15300.00000000 0.95680183
15400.00000000 0.95705206
15500.00000000 0.95780100
15600.00000000 0.95770962
15700.00000000 0.95868656
15800.00000000 0.95807715
15900.00000000 0.95798849
16000.00000000 0.95742416
16100.00000000 0.95880199
16200.00000000 0.95797921
16300.00000000 0.95824286
16400.00000000 0.95855050
16500.00000000 0.95891616
16600.00000000 0.95910143
16700.00000000 0.95960760
16800.00000000 0.95962563
16900.00000000 0.95990282
17000.00000000 0.96012157
17100.00000000 0.96019171
17200.00000000 0.96096819
17300.00000000 0.96088897
17400.00000000 0.96097053
17500.00000000 0.96112660
17600.00000000 0.96127684
17700.00000000 0.96161083
17800.00000000 0.96207569
17900.00000000 0.96217371
18000.00000000 0.96218473
18100.00000000 0.96256426
18200.00000000 0.96274401
18300.00000000 0.96341313
18400.00000000 0.96318187
18500.00000000 0.96340276
18600.00000000 0.96342891
18700.00000000 0.96448116
18800.00000000 0.96375043
18900.00000000 0.96397561
19000.00000000 0.96455967
19100.00000000 0.96454487
19200.00000000 0.96468599
19300.00000000 0.96501902
19400.00000000 0.96559406
19500.00000000 0.96506730
19600.00000000 0.96553820
19700.00000000 0.96551750
19800.00000000 0.96569553
19900.00000000 0.96619084
20000.00000000 0.96644613
20100.00000000 0.96610341
20200.00000000 0.96626887
20300.00000000 0.96694811
20400.00000000 0.96668319
20500.00000000 0.96684677
20600.00000000 0.96722707
20700.00000000 0.96726052
20800.00000000 0.96724990
20900.00000000 0.96867710
21000.00000000 0.96775132
21100.00000000 0.96780231
21200.00000000 0.96820813
21300.00000000 0.96800877
21400.00000000 0.96861180
21500.00000000 0.96838302
21600.00000000 0.96794171
21700.00000000 0.96711538
21800.00000000 0.96706652
21900.00000000 0.96724174
22000.00000000 0.96742187
22100.00000000 0.96762075
22200.00000000 0.96797357
22300.00000000 0.96619425
22400.00000000 0.96613455
22500.00000000 0.96612333
22600.00000000 0.96624002
22700.00000000 0.96647207
22800.00000000 0.96652989
22900.00000000 0.96695430
23000.00000000 0.96697350
23100.00000000 0.96703058
23200.00000000 0.96714113
23300.00000000 0.96727013
23400.00000000 0.96739229
23500.00000000 0.96750439
23600.00000000 0.96777500
23700.00000000 0.96807794
23800.00000000 0.96714299
23900.00000000 0.96716202
24000.00000000 0.96695898
24100.00000000 0.96713279
24200.00000000 0.96753845
24300.00000000 0.96723940
24400.00000000 0.96734966
24500.00000000 0.96716367
24600.00000000 0.96727066
24700.00000000 0.96721076
24800.00000000 0.96738097
24900.00000000 0.96738954
25000.00000000 0.96744027
25100.00000000 0.96793451
25200.00000000 0.96791618
25300.00000000 0.96810914
25400.00000000 0.96813636
25500.00000000 0.96834668
25600.00000000 0.96775146
25700.00000000 0.96740054
25800.00000000 0.96605963
25900.00000000 0.96570132
26000.00000000 0.96605648
26100.00000000 0.96576827
26200.00000000 0.96579917
26300.00000000 0.96642099
26400.00000000 0.96605399
26500.00000000 0.96630226
26600.00000000 0.96641671
26700.00000000 0.96681050
26800.00000000 0.96716189
26900.00000000 0.96682293
27000.00000000 0.96637676
27100.00000000 0.96632768
27200.00000000 0.96536194
27300.00000000 0.96550046
27400.00000000 0.96584599
27500.00000000 0.96590933
27600.00000000 0.96595513
27700.00000000 0.96644644
27800.00000000 0.96609333
27900.00000000 0.96641722
28000.00000000 0.96636771
28100.00000000 0.96681987
28200.00000000 0.96664534
28300.00000000 0.96669878
28400.00000000 0.96611836
28500.00000000 0.96511502
28600.00000000 0.96521400
28700.00000000 0.96516641
28800.00000000 0.96521759
28900.00000000 0.96520753
29000.00000000 0.96538387
29100.00000000 0.96534564
29200.00000000 0.96452756
29300.00000000 0.96367616
29400.00000000 0.96344011
29500.00000000 0.96361807
29600.00000000 0.96289671
29700.00000000 0.96270433
29800.00000000 0.96189992
29900.00000000 0.96191779
30000.00000000 0.96211534
30100.00000000 0.96256934
30200.00000000 0.96236812
30300.00000000 0.96299617
30400.00000000 0.96267648
30500.00000000 0.96271930
30600.00000000 0.96281080
30700.00000000 0.96291030
30800.00000000 0.96308976
30900.00000000 0.96360581
31000.00000000 0.96359013
31100.00000000 0.96351583
31200.00000000 0.96364391
31300.00000000 0.96363371
31400.00000000 0.96379804
31500.00000000 0.96411956
31600.00000000 0.96409056
31700.00000000 0.96412860
31800.00000000 0.96468466
31900.00000000 0.96482544
32000.00000000 0.96421646
32100.00000000 0.96411377
32200.00000000 0.96446723
32300.00000000 0.96427538
32400.00000000 0.96400807
32500.00000000 0.96249711
32600.00000000 0.96159734
32700.00000000 0.96057615
32800.00000000 0.96053319
32900.00000000 0.96086332
33000.00000000 0.95910505
33100.00000000 0.95906035
33200.00000000 0.95912992
33300.00000000 0.95921461
33400.00000000 0.95881940
33500.00000000 0.95892019
33600.00000000 0.95868327
33700.00000000 0.95739009
33800.00000000 0.95719380
33900.00000000 0.95721943
34000.00000000 0.95733030
34100.00000000 0.95750023
34200.00000000 0.95754197
34300.00000000 0.95765736
34400.00000000 0.95782441
34500.00000000 0.95789024
34600.00000000 0.95798431
34700.00000000 0.95814835
34800.00000000 0.95844840
34900.00000000 0.95850585
35000.00000000 0.95855883
35100.00000000 0.95872758
35200.00000000 0.95883602
35300.00000000 0.95883658
35400.00000000 0.95905712
35500.00000000 0.95928793
35600.00000000 0.95921772
35700.00000000 0.95930486
35800.00000000 0.95949965
35900.00000000 0.95952481
36000.00000000 0.95975811
36100.00000000 0.95976081
36200.00000000 0.95984981
36300.00000000 0.96008636
36400.00000000 0.96019431
36500.00000000 0.96033803
36600.00000000 0.96040460
36700.00000000 0.96042867
36800.00000000 0.96053347
36900.00000000 0.96072957
37000.00000000 0.96098254
37100.00000000 0.96081758
37200.00000000 0.96098634
37300.00000000 0.96106819
37400.00000000 0.96140452
37500.00000000 0.96134167
37600.00000000 0.96135630
37700.00000000 0.96177301
37800.00000000 0.96159278
37900.00000000 0.96167721
38000.00000000 0.96192071
38100.00000000 0.96191696
38200.00000000 0.96194427
38300.00000000 0.96210244
38400.00000000 0.96215770
38500.00000000 0.96262283
38600.00000000 0.96235876
38700.00000000 0.96245068
38800.00000000 0.96268527
38900.00000000 0.96270373
39000.00000000 0.96273566
39100.00000000 0.96289017
39200.00000000 0.96296521
39300.00000000 0.96315480
39400.00000000 0.96313050
39500.00000000 0.96331665
39600.00000000 0.96330377
39700.00000000 0.96339351
39800.00000000 0.96358090
39900.00000000 0.96356579
40000.00000000 0.96373564
40100.00000000 0.96376471
40200.00000000 0.96386452
40300.00000000 0.96406802
40400.00000000 0.96451965
40500.00000000 0.96421334
40600.00000000 0.96419984
40700.00000000 0.96432887
40800.00000000 0.96451330
40900.00000000 0.96448461
41000.00000000 0.96456082
41100.00000000 0.96466243
41200.00000000 0.96482091
41300.00000000 0.96484038
41400.00000000 0.96491871
41500.00000000 0.96507145
41600.00000000 0.96524850
41700.00000000 0.96525818
41800.00000000 0.96523826
41900.00000000 0.96537443
42000.00000000 0.96540996
42100.00000000 0.96569952
42200.00000000 0.96558226
42300.00000000 0.96575060
42400.00000000 0.96606030
42500.00000000 0.96579661
42600.00000000 0.96587843
42700.00000000 0.96596574
42800.00000000 0.96628055
42900.00000000 0.96628630
43000.00000000 0.96625583
43100.00000000 0.96641997
43200.00000000 0.96637596
43300.00000000 0.96659082
43400.00000000 0.96669052
43500.00000000 0.96667216
43600.00000000 0.96667255
43700.00000000 0.96677716
43800.00000000 0.96693957
43900.00000000 0.96688409
44000.00000000 0.96698679
44100.00000000 0.96706756
44200.00000000 0.96713840
44300.00000000 0.96720880
44400.00000000 0.96726779
44500.00000000 0.96735370
44600.00000000 0.96741168
44700.00000000 0.96674627
44800.00000000 0.96605322
44900.00000000 0.96538955
45000.00000000 0.96521216
45100.00000000 0.96524136
45200.00000000 0.96537695
45300.00000000 0.96513106
45400.00000000 0.96525179
45500.00000000 0.96477982
45600.00000000 0.96407377
45700.00000000 0.96410505
45800.00000000 0.96421386
45900.00000000 0.96419693
46000.00000000 0.96429591
46100.00000000 0.96427560
46200.00000000 0.96441501
46300.00000000 0.96450740
46400.00000000 0.96463455
46500.00000000 0.96465481
46600.00000000 0.96482055
46700.00000000 0.96496795
46800.00000000 0.96486221
46900.00000000 0.96538121
47000.00000000 0.96496283
47100.00000000 0.96508866
47200.00000000 0.96512823
47300.00000000 0.96525742
47400.00000000 0.96541580
47500.00000000 0.96550475
47600.00000000 0.96540175
47700.00000000 0.96551784
47800.00000000 0.96555454
47900.00000000 0.96603955
48000.00000000 0.96576964
48100.00000000 0.96582504
48200.00000000 0.96584600
48300.00000000 0.96600586
48400.00000000 0.96599322
48500.00000000 0.96608171
48600.00000000 0.96623040
48700.00000000 0.96618311
48800.00000000 0.96629535
48900.00000000 0.96633452
49000.00000000 0.96646442
49100.00000000 0.96647058
49200.00000000 0.96655964
49300.00000000 0.96667975
49400.00000000 0.96688666
49500.00000000 0.96676912
49600.00000000 0.96685347
49700.00000000 0.96709369
49800.00000000 0.96722278
49900.00000000 0.96714113
50000.00000000 0.96685755
50100.00000000 0.96663282
50200.00000000 0.96652682
50300.00000000 0.96632222
50400.00000000 0.96541369
50500.00000000 0.96570895
50600.00000000 0.96461442
50700.00000000 0.96429902
50800.00000000 0.96444992
50900.00000000 0.96422006
51000.00000000 0.96441431
51100.00000000 0.96444904
51200.00000000 0.96470778
51300.00000000 0.96454355
51400.00000000 0.96420892
51500.00000000 0.96432515
51600.00000000 0.96428763
51700.00000000 0.96435192
51800.00000000 0.96429751
51900.00000000 0.96444230
52000.00000000 0.96447121
52100.00000000 0.96454874
52200.00000000 0.96469131
52300.00000000 0.96423176
52400.00000000 0.96396400
52500.00000000 0.96394413
52600.00000000 0.96430652
52700.00000000 0.96413301
52800.00000000 0.96415115
52900.00000000 0.96436376
53000.00000000 0.96434096
53100.00000000 0.96441137
53200.00000000 0.96444220
53300.00000000 0.96446901
53400.00000000 0.96465545
53500.00000000 0.96470706
53600.00000000 0.96476147
53700.00000000 0.96477387
53800.00000000 0.96481416
53900.00000000 0.96489580
54000.00000000 0.96409244
54100.00000000 0.96391883
54200.00000000 0.96410633
54300.00000000 0.96372104
54400.00000000 0.96386477
54500.00000000 0.96380840
54600.00000000 0.96412529
54700.00000000 0.96398762
54800.00000000 0.96400368
54900.00000000 0.96388876
55000.00000000 0.96345098
55100.00000000 0.96254064
55200.00000000 0.96268711
55300.00000000 0.96274460
55400.00000000 0.96291007
55500.00000000 0.96236987
55600.00000000 0.96237583
55700.00000000 0.96250886
55800.00000000 0.96254591
55900.00000000 0.96258035
56000.00000000 0.96271108
56100.00000000 0.96280582
56200.00000000 0.96277695
56300.00000000 0.96282238
56400.00000000 0.96288388
56500.00000000 0.96294719
56600.00000000 0.96303257
56700.00000000 0.96313128
56800.00000000 0.96316717
56900.00000000 0.96325568
57000.00000000 0.96332492
57100.00000000 0.96340634
57200.00000000 0.96349406
57300.00000000 0.96348108
57400.00000000 0.96354013
57500.00000000 0.96367702
57600.00000000 0.96369990
57700.00000000 0.96385834
57800.00000000 0.96381537
57900.00000000 0.96387592
58000.00000000 0.96399700
58100.00000000 0.96417803
58200.00000000 0.96413604
58300.00000000 0.96410130
58400.00000000 0.96417447
58500.00000000 0.96430446
58600.00000000 0.96436446
58700.00000000 0.96434424
58800.00000000 0.96456769
58900.00000000 0.96447996
59000.00000000 0.96456017
59100.00000000 0.96460555
59200.00000000 0.96468627
59300.00000000 0.96475132
59400.00000000 0.96476698
59500.00000000 0.96493696
59600.00000000 0.96491536
59700.00000000 0.96495339
59800.00000000 0.96501633
59900.00000000 0.96515614
60000.00000000 0.96523884
60100.00000000 0.96527728
60200.00000000 0.96525374
60300.00000000 0.96543258
60400.00000000 0.96559559
60500.00000000 0.96546631
60600.00000000 0.96560311
60700.00000000 0.96552826
60800.00000000 0.96582992
60900.00000000 0.96563614
61000.00000000 0.96569006
61100.00000000 0.96596714
61200.00000000 0.96588825
61300.00000000 0.96585403
61400.00000000 0.96594357
61500.00000000 0.96596205
61600.00000000 0.96605510
61700.00000000 0.96610514
61800.00000000 0.96615961
61900.00000000 0.96623124
62000.00000000 0.96637430
62100.00000000 0.96636344
62200.00000000 0.96639841
62300.00000000 0.96649992
62400.00000000 0.96649880
62500.00000000 0.96666488
62600.00000000 0.96658005
62700.00000000 0.96661908
62800.00000000 0.96672142
62900.00000000 0.96675063
63000.00000000 0.96682841
63100.00000000 0.96696858
63200.00000000 0.96687918
63300.00000000 0.96693789
63400.00000000 0.96743119
63500.00000000 0.96710753
63600.00000000 0.96710107
63700.00000000 0.96715567
63800.00000000 0.96718687
63900.00000000 0.96678001
64000.00000000 0.96634843
64100.00000000 0.96639170
64200.00000000 0.96655325
64300.00000000 0.96651698
64400.00000000 0.96657832
64500.00000000 0.96664892
64600.00000000 0.96664563
64700.00000000 0.96671561
64800.00000000 0.96684032
64900.00000000 0.96684378
65000.00000000 0.96689435
65100.00000000 0.96691757
65200.00000000 0.96684289
65300.00000000 0.96636634
65400.00000000 0.96606369
65500.00000000 0.96612156
65600.00000000 0.96612226
65700.00000000 0.96587030
65800.00000000 0.96552144
65900.00000000 0.96562471
66000.00000000 0.96565700
66100.00000000 0.96557100
66200.00000000 0.96563561
66300.00000000 0.96542780
66400.00000000 0.96546500
66500.00000000 0.96549350
66600.00000000 0.96519304
66700.00000000 0.96511201
66800.00000000 0.96484865
66900.00000000 0.96455540
67000.00000000 0.96466893
67100.00000000 0.96436626
67200.00000000 0.96421389
67300.00000000 0.96423987
67400.00000000 0.96386489
67500.00000000 0.96338274
67600.00000000 0.96317619
67700.00000000 0.96319578
67800.00000000 0.96319874
67900.00000000 0.96329920
68000.00000000 0.96344762
68100.00000000 0.96330116
68200.00000000 0.96314314
68300.00000000 0.96312260
68400.00000000 0.96294185
68500.00000000 0.96252695
68600.00000000 0.96242180
68700.00000000 0.96233392
68800.00000000 0.96248090
68900.00000000 0.96251412
69000.00000000 0.96262020
69100.00000000 0.96255128
69200.00000000 0.96266986
69300.00000000 0.96264326
69400.00000000 0.96275065
69500.00000000 0.96274504
69600.00000000 0.96288039
69700.00000000 0.96288192
69800.00000000 0.96298142
69900.00000000 0.96299238
70000.00000000 0.96301381
70100.00000000 0.96285585
70200.00000000 0.96264275
70300.00000000 0.96276532
70400.00000000 0.96267050
70500.00000000 0.96261433
70600.00000000 0.96253475
70700.00000000 0.96251924
70800.00000000 0.96256781
70900.00000000 0.96263847
71000.00000000 0.96268875
71100.00000000 0.96274966
71200.00000000 0.96277623
71300.00000000 0.96291444
71400.00000000 0.96295222
71500.00000000 0.96293224
71600.00000000 0.96298963
71700.00000000 0.96308427
71800.00000000 0.96310588
71900.00000000 0.96333873
72000.00000000 0.96325366
72100.00000000 0.96336314
72200.00000000 0.96333139
72300.00000000 0.96348831
72400.00000000 0.96344912
72500.00000000 0.96346270
72600.00000000 0.96359066
72700.00000000 0.96366568
72800.00000000 0.96360304
72900.00000000 0.96374728
73000.00000000 0.96375181
73100.00000000 0.96381912
73200.00000000 0.96388486
73300.00000000 0.96384098
73400.00000000 0.96393440
73500.00000000 0.96409030
73600.00000000 0.96420093
73700.00000000 0.96411677
73800.00000000 0.96411026
73900.00000000 0.96415170
74000.00000000 0.96422741
74100.00000000 0.96440426
74200.00000000 0.96433789
74300.00000000 0.96440039
74400.00000000 0.96443142
74500.00000000 0.96443399
74600.00000000 0.96456242
74700.00000000 0.96453752
74800.00000000 0.96461162
74900.00000000 0.96464048
75000.00000000 0.96469513
75100.00000000 0.96475834
75200.00000000 0.96483239
75300.00000000 0.96487267
75400.00000000 0.96486526
75500.00000000 0.96496257
75600.00000000 0.96500082
75700.00000000 0.96503970
75800.00000000 0.96513580
75900.00000000 0.96453379
76000.00000000 0.96430259
76100.00000000 0.96405821
76200.00000000 0.96406081
76300.00000000 0.96347602
76400.00000000 0.96351119
76500.00000000 0.96344120
76600.00000000 0.96325356
76700.00000000 0.96301745
76800.00000000 0.96270431
76900.00000000 0.96257722
77000.00000000 0.96205363
77100.00000000 0.96213149
77200.00000000 0.96209169
77300.00000000 0.96206943
77400.00000000 0.96156451
77500.00000000 0.96149048
77600.00000000 0.96156481
77700.00000000 0.96163899
77800.00000000 0.96155011
77900.00000000 0.96157117
78000.00000000 0.96173430
78100.00000000 0.96162202
78200.00000000 0.96161152
78300.00000000 0.96169673
78400.00000000 0.96170344
78500.00000000 0.96175842
78600.00000000 0.96183036
78700.00000000 0.96160832
78800.00000000 0.96142655
78900.00000000 0.96145482
79000.00000000 0.96104464
79100.00000000 0.96108050
79200.00000000 0.96122154
79300.00000000 0.96108842
79400.00000000 0.96109640
79500.00000000 0.96114200
79600.00000000 0.96098933
79700.00000000 0.96071454
79800.00000000 0.96036094
79900.00000000 0.95999369
80000.00000000 0.95993401
80100.00000000 0.95972287
80200.00000000 0.95995463
80300.00000000 0.95981038
80400.00000000 0.95983959
80500.00000000 0.95988154
80600.00000000 0.95966001
80700.00000000 0.95973102
80800.00000000 0.95957024
80900.00000000 0.95962053
81000.00000000 0.95973414
81100.00000000 0.95982067
81200.00000000 0.95970917
81300.00000000 0.95979913
81400.00000000 0.95988174
81500.00000000 0.95989036
81600.00000000 0.96004888
81700.00000000 0.96011128
81800.00000000 0.96003419
81900.00000000 0.96007251
82000.00000000 0.96008794
82100.00000000 0.96017136
82200.00000000 0.96018628
82300.00000000 0.96029695
82400.00000000 0.96031427
82500.00000000 0.96032952
82600.00000000 0.96036853
82700.00000000 0.96020069
82800.00000000 0.96002846
82900.00000000 0.96007057
83000.00000000 0.95985865
83100.00000000 0.95960132
83200.00000000 0.95974124
83300.00000000 0.95972738
83400.00000000 0.95975761
83500.00000000 0.95979974
83600.00000000 0.95992713
83700.00000000 0.95989436
83800.00000000 0.96002113
83900.00000000 0.96004713
84000.00000000 0.96009011
84100.00000000 0.96004251
84200.00000000 0.95951892
84300.00000000 0.95954242
84400.00000000 0.95958280
84500.00000000 0.95957774
84600.00000000 0.95948103
84700.00000000 0.95907418
84800.00000000 0.95909608
84900.00000000 0.95901074
85000.00000000 0.95897555
85100.00000000 0.95901728
85200.00000000 0.95909495
85300.00000000 0.95914554
85400.00000000 0.95925286
85500.00000000 0.95916758
85600.00000000 0.95874588
85700.00000000 0.95887505
85800.00000000 0.95880540
85900.00000000 0.95880329
86000.00000000 0.95868223
86100.00000000 0.95879436
86200.00000000 0.95879602
86300.00000000 0.95898227
86400.00000000 0.95890038
86500.00000000 0.95897988
86600.00000000 0.95899012
86700.00000000 0.95906445
86800.00000000 0.95916208
86900.00000000 0.95910442
87000.00000000 0.95919704
87100.00000000 0.95919957
87200.00000000 0.95928751
87300.00000000 0.95946527
87400.00000000 0.95943923
87500.00000000 0.95941154
87600.00000000 0.95947138
87700.00000000 0.95953324
87800.00000000 0.95980429
87900.00000000 0.95957733
88000.00000000 0.95968183
88100.00000000 0.95967584
88200.00000000 0.95971654
88300.00000000 0.95988527
88400.00000000 0.95980566
88500.00000000 0.95990582
88600.00000000 0.95990671
88700.00000000 0.95994116
88800.00000000 0.96005304
88900.00000000 0.96004748
89000.00000000 0.96015537
89100.00000000 0.96040516
89200.00000000 0.96016211
89300.00000000 0.96024522
89400.00000000 0.96025196
89500.00000000 0.96031133
89600.00000000 0.96037060
89700.00000000 0.96041514
89800.00000000 0.96045618
89900.00000000 0.96056681
90000.00000000 0.96052172
90100.00000000 0.96057976
90200.00000000 0.96061217
90300.00000000 0.96065860
90400.00000000 0.96076176
90500.00000000 0.96075792
90600.00000000 0.96078387
90700.00000000 0.96082942
90800.00000000 0.96089568
90900.00000000 0.96098370
91000.00000000 0.96102215
91100.00000000 0.96099914
91200.00000000 0.96106086
91300.00000000 0.96109088
91400.00000000 0.96115752
91500.00000000 0.96118308
91600.00000000 0.96122287
91700.00000000 0.96125827
91800.00000000 0.96138158
91900.00000000 0.96136795
92000.00000000 0.96098935
92100.00000000 0.96041296
92200.00000000 0.96039182
92300.00000000 0.96045698
92400.00000000 0.96021320
92500.00000000 0.96030223
92600.00000000 0.96032424
92700.00000000 0.96038786
92800.00000000 0.96046830
92900.00000000 0.96041843
93000.00000000 0.96045405
93100.00000000 0.96026044
93200.00000000 0.96020871
93300.00000000 0.96015154
93400.00000000 0.96022243
93500.00000000 0.95988403
93600.00000000 0.95995540
93700.00000000 0.95968451
93800.00000000 0.95967702
93900.00000000 0.95973282
94000.00000000 0.95955978
94100.00000000 0.95955154
94200.00000000 0.95946282
94300.00000000 0.95945537
94400.00000000 0.95919863
94500.00000000 0.95898613
94600.00000000 0.95874317
94700.00000000 0.95868029
94800.00000000 0.95872798
94900.00000000 0.95807374
95000.00000000 0.95810269
95100.00000000 0.95815250
95200.00000000 0.95820999
95300.00000000 0.95822635
95400.00000000 0.95829938
95500.00000000 0.95831148
95600.00000000 0.95843093
95700.00000000 0.95845436
95800.00000000 0.95846008
95900.00000000 0.95849740
96000.00000000 0.95856419
96100.00000000 0.95863562
96200.00000000 0.95868809
96300.00000000 0.95829728
96400.00000000 0.95805334
96500.00000000 0.95769508
96600.00000000 0.95758862
96700.00000000 0.95727527
96800.00000000 0.95721169
96900.00000000 0.95725652
97000.00000000 0.95731146
97100.00000000 0.95736293
97200.00000000 0.95736845
97300.00000000 0.95743095
97400.00000000 0.95746946
97500.00000000 0.95751831
97600.00000000 0.95754990
97700.00000000 0.95763414
97800.00000000 0.95766653
97900.00000000 0.95768587
98000.00000000 0.95711729
98100.00000000 0.95683267
98200.00000000 0.95691726
98300.00000000 0.95691557
98400.00000000 0.95688832
98500.00000000 0.95690647
98600.00000000 0.95694549
98700.00000000 0.95708241
98800.00000000 0.95710349
98900.00000000 0.95707208
99000.00000000 0.95712763
99100.00000000 0.95732808
99200.00000000 0.95720888
99300.00000000 0.95725948
99400.00000000 0.95744783
99500.00000000 0.95733253
99600.00000000 0.95742562
99700.00000000 0.95747332
99800.00000000 0.95746735
99900.00000000 0.95752693
100000.00000000 0.95754534
