100.00000000 0.95582854
200.00000000 0.99115078
300.00000000 0.86946694
400.00000000 0.85221940
500.00000000 0.88998686
600.00000000 0.90445785
700.00000000 0.91623994
800.00000000 0.92800959
900.00000000 0.93428501
1000.00000000 0.94210049
1100.00000000 0.95273285
1200.00000000 0.95346221
1300.00000000 0.96017616
1400.00000000 0.95861142
1500.00000000 0.96756155
1600.00000000 0.96498262
1700.00000000 0.97113058
1800.00000000 0.96774637
1900.00000000 0.97642076
2000.00000000 0.97025372
2100.00000000 0.97369194
2200.00000000 0.97635727
2300.00000000 0.97495439
2400.00000000 0.97578351
2500.00000000 0.97626253
2600.00000000 0.98198734
2700.00000000 0.97867953
2800.00000000 0.97971391
2900.00000000 0.97982394
3000.00000000 0.98151362
3100.00000000 0.98633471
3200.00000000 0.98242539
3300.00000000 0.98388705
3400.00000000 0.98275475
3500.00000000 0.98297414
3600.00000000 0.98685329
3700.00000000 0.98614821
3800.00000000 0.98444906
3900.00000000 0.98524289
4000.00000000 0.98775107
4100.00000000 0.98585657
4200.00000000 0.98713128
4300.00000000 0.98650170
4400.00000000 0.98670052
4500.00000000 0.98755318
4600.00000000 0.98703420
4700.00000000 0.98879914
4800.00000000 0.98936596
4900.00000000 0.98848994
5000.00000000 0.98405621
5100.00000000 0.98078372
5200.00000000 0.98395512
5300.00000000 0.98174174
5400.00000000 0.98291946
5500.00000000 0.98376625
5600.00000000 0.98249593
5700.00000000 0.98162291
5800.00000000 0.98203357
5900.00000000 0.97919919
6000.00000000 0.97933645
6100.00000000 0.97788430
6200.00000000 0.97876846
6300.00000000 0.98143628
6400.00000000 0.97924110
6500.00000000 0.97933161
6600.00000000 0.98017719
6700.00000000 0.98010603
6800.00000000 0.98085666
6900.00000000 0.98108934
7000.00000000 0.98290113
7100.00000000 0.98190507
7200.00000000 0.98145891
7300.00000000 0.98334388
7400.00000000 0.98174854
7500.00000000 0.98109648
7600.00000000 0.97964377
7700.00000000 0.97970044
7800.00000000 0.97960935
7900.00000000 0.97450570
8000.00000000 0.96704310
8100.00000000 0.96471244
8200.00000000 0.96555694
8300.00000000 0.96464949
8400.00000000 0.96548606
8500.00000000 0.96576855
8600.00000000 0.96599317
8700.00000000 0.96544657
8800.00000000 0.96458290
8900.00000000 0.96501755
9000.00000000 0.96561462
9100.00000000 0.96411006
9200.00000000 0.96094106
9300.00000000 0.95748192
9400.00000000 0.95896270
9500.00000000 0.95814479
9600.00000000 0.95889235
9700.00000000 0.95779498
9800.00000000 0.95885908
9900.00000000 0.95790710
10000.00000000 0.95512822
10100.00000000 0.95629515
10200.00000000 0.95568884
10300.00000000 0.95623108
10400.00000000 0.95656661
10500.00000000 0.95736276
10600.00000000 0.95745910
10700.00000000 0.95819779
10800.00000000 0.95823427
10900.00000000 0.95871155
11000.00000000 0.95893595
11100.00000000 0.96034751
11200.00000000 0.95987377
11300.00000000 0.96014737
11400.00000000 0.96159435
11500.00000000 0.96114371
11600.00000000 0.96150217
11700.00000000 0.96141194
11800.00000000 0.96169910
11900.00000000 0.96202784
12000.00000000 0.96271750
12100.00000000 0.96301929
12200.00000000 0.96342958
12300.00000000 0.96342076
12400.00000000 0.96301621
12500.00000000 0.96255307
12600.00000000 0.96339996
12700.00000000 0.95958078
12800.00000000 0.95669347
12900.00000000 0.95600060
13000.00000000 0.95360676
13100.00000000 0.95431077
13200.00000000 0.95406009
13300.00000000 0.95263932
13400.00000000 0.95331149
13500.00000000 0.95424905
13600.00000000 0.95401582
13700.00000000 0.95453062
13800.00000000 0.95444114
13900.00000000 0.95496733
14000.00000000 0.95509124
14100.00000000 0.95534567
14200.00000000 0.95570965
14300.00000000 0.95587800
14400.00000000 0.95640707
14500.00000000 0.95705719
14600.00000000 0.95676436
14700.00000000 0.95707460
14800.00000000 0.95592354
14900.00000000 0.95607389
15000.00000000 0.95659149
15100.00000000 0.95684399
15200.00000000 0.95782603
15300.00000000 0.95774868
15400.00000000 0.95752799
15500.00000000 0.95775997
15600.00000000 0.95803786
15700.00000000 0.95893709
15800.00000000 0.95856588
15900.00000000 0.95937648
16000.00000000 0.95961819
16100.00000000 0.95938158
16200.00000000 0.95982218
16300.00000000 0.95984923
16400.00000000 0.96007114
16500.00000000 0.96035139
16600.00000000 0.96119554
16700.00000000 0.96086762
16800.00000000 0.96115569
16900.00000000 0.96164702
17000.00000000 0.96213493
17100.00000000 0.96224829
17200.00000000 0.96198580
17300.00000000 0.96214038
17400.00000000 0.96235565
17500.00000000 0.96267750
17600.00000000 0.96282282
17700.00000000 0.96297848
17800.00000000 0.96324414
17900.00000000 0.96346140
18000.00000000 0.96418699
18100.00000000 0.96419802
18200.00000000 0.96409440
18300.00000000 0.96426176
18400.00000000 0.96456565
18500.00000000 0.96460728
18600.00000000 0.96508858
18700.00000000 0.96509160
18800.00000000 0.96523018
18900.00000000 0.96532625
19000.00000000 0.96576370
19100.00000000 0.96570189
19200.00000000 0.96599568
19300.00000000 0.96610027
19400.00000000 0.96635767
19500.00000000 0.96658684
19600.00000000 0.96657028
19700.00000000 0.96690370
19800.00000000 0.96752553
19900.00000000 0.96754898
20000.00000000 0.96753777
20100.00000000 0.96761137
20200.00000000 0.96767163
20300.00000000 0.96784271
20400.00000000 0.96825786
20500.00000000 0.96812333
20600.00000000 0.96819973
20700.00000000 0.96840993
20800.00000000 0.96864796
20900.00000000 0.96887799
21000.00000000 0.96954394
21100.00000000 0.96893895
21200.00000000 0.96910817
21300.00000000 0.96935637
21400.00000000 0.96939616
21500.00000000 0.96958397
21600.00000000 0.96985636
21700.00000000 0.96985549
21800.00000000 0.97076806
21900.00000000 0.97021382
22000.00000000 0.97024211
22100.00000000 0.97038071
22200.00000000 0.97049449
22300.00000000 0.97065117
22400.00000000 0.97080619
22500.00000000 0.97105108
22600.00000000 0.97107941
22700.00000000 0.97167349
22800.00000000 0.97165566
22900.00000000 0.97205736
23000.00000000 0.97175191
23100.00000000 0.97168633
23200.00000000 0.97178922
23300.00000000 0.97189528
23400.00000000 0.97234070
23500.00000000 0.97228521
23600.00000000 0.97229339
23700.00000000 0.97242032
23800.00000000 0.97280890
23900.00000000 0.97267549
24000.00000000 0.97269320
24100.00000000 0.97287959
24200.00000000 0.97317332
24300.00000000 0.97317413
24400.00000000 0.97324945
24500.00000000 0.97328952
24600.00000000 0.97377915
24700.00000000 0.97360743
24800.00000000 0.97377960
24900.00000000 0.97384679
25000.00000000 0.97379135
25100.00000000 0.97408180
25200.00000000 0.97407892
25300.00000000 0.97413418
25400.00000000 0.97450201
25500.00000000 0.97438804
25600.00000000 0.97459878
25700.00000000 0.97480548
25800.00000000 0.97462010
25900.00000000 0.97474933
26000.00000000 0.97626464
26100.00000000 0.97509886
26200.00000000 0.97511369
26300.00000000 0.97512026
26400.00000000 0.97542105
26500.00000000 0.97529328
26600.00000000 0.97540499
26700.00000000 0.97585828
26800.00000000 0.97582615
26900.00000000 0.97592295
27000.00000000 0.97598609
27100.00000000 0.97597257
27200.00000000 0.97613048
27300.00000000 0.97606458
27400.00000000 0.97634352
27500.00000000 0.97629879
27600.00000000 0.97643382
27700.00000000 0.97636817
27800.00000000 0.97665598
27900.00000000 0.97683886
28000.00000000 0.97659352
28100.00000000 0.97679403
28200.00000000 0.97676976
28300.00000000 0.97705366
28400.00000000 0.97608866
28500.00000000 0.97610521
28600.00000000 0.97640208
28700.00000000 0.97524849
28800.00000000 0.97522644
28900.00000000 0.97498644
29000.00000000 0.97501149
29100.00000000 0.97501034
29200.00000000 0.97508919
29300.00000000 0.97524374
29400.00000000 0.97498743
29500.00000000 0.97472720
29600.00000000 0.97362430
29700.00000000 0.97244965
29800.00000000 0.97028445
29900.00000000 0.97044566
30000.00000000 0.97120719
30100.00000000 0.97038254
30200.00000000 0.97087915
30300.00000000 0.97058959
30400.00000000 0.97126822
30500.00000000 0.97091634
30600.00000000 0.97092512
30700.00000000 0.97118296
30800.00000000 0.97140063
30900.00000000 0.97125470
31000.00000000 0.97127183
31100.00000000 0.97146796
31200.00000000 0.97148391
31300.00000000 0.97184086
31400.00000000 0.97165640
31500.00000000 0.97227252
31600.00000000 0.97182931
31700.00000000 0.97197692
31800.00000000 0.97214932
31900.00000000 0.97215570
32000.00000000 0.97214442
32100.00000000 0.97265087
32200.00000000 0.97241612
32300.00000000 0.97246755
32400.00000000 0.97253647
32500.00000000 0.97260582
32600.00000000 0.97266780
32700.00000000 0.97279660
32800.00000000 0.97285482
32900.00000000 0.97313965
33000.00000000 0.97300729
33100.00000000 0.97311892
33200.00000000 0.97394904
33300.00000000 0.97332178
33400.00000000 0.97347954
33500.00000000 0.97405048
33600.00000000 0.97350674
33700.00000000 0.97366931
33800.00000000 0.97421660
33900.00000000 0.97370969
34000.00000000 0.97410837
34100.00000000 0.97387618
34200.00000000 0.97413559
34300.00000000 0.97405288
34400.00000000 0.97418266
34500.00000000 0.97418735
34600.00000000 0.97425120
34700.00000000 0.97433188
34800.00000000 0.97439029
34900.00000000 0.97452830
35000.00000000 0.97454429
35100.00000000 0.97463168
35200.00000000 0.97505622
35300.00000000 0.97520754
35400.00000000 0.97507848
35500.00000000 0.97495022
35600.00000000 0.97497829
35700.00000000 0.97520766
35800.00000000 0.97511401
35900.00000000 0.97516951
36000.00000000 0.97555559
36100.00000000 0.97555053
36200.00000000 0.97556777
36300.00000000 0.97578893
36400.00000000 0.97554610
36500.00000000 0.97576384
36600.00000000 0.97567389
36700.00000000 0.97573274
36800.00000000 0.97593938
36900.00000000 0.97585851
37000.00000000 0.97606147
37100.00000000 0.97611680
37200.00000000 0.97615092
37300.00000000 0.97653749
37400.00000000 0.97643195
37500.00000000 0.97659667
37600.00000000 0.97663880
37700.00000000 0.97640841
37800.00000000 0.97643382
37900.00000000 0.97663674
38000.00000000 0.97664000
38100.00000000 0.97665317
38200.00000000 0.97671599
38300.00000000 0.97676463
38400.00000000 0.97701223
38500.00000000 0.97715472
38600.00000000 0.97696049
38700.00000000 0.97725364
38800.00000000 0.97716244
38900.00000000 0.97714794
39000.00000000 0.97757340
39100.00000000 0.97732172
39200.00000000 0.97740879
39300.00000000 0.97739964
39400.00000000 0.97739211
39500.00000000 0.97757177
39600.00000000 0.97753796
39700.00000000 0.97765966
39800.00000000 0.97762243
39900.00000000 0.97778057
40000.00000000 0.97778793
40100.00000000 0.97779328
40200.00000000 0.97803148
40300.00000000 0.97792257
40400.00000000 0.97798016
40500.00000000 0.97801505
40600.00000000 0.97806202
40700.00000000 0.97817031
40800.00000000 0.97820205
40900.00000000 0.97855997
41000.00000000 0.97842869
41100.00000000 0.97834137
41200.00000000 0.97837855
41300.00000000 0.97846128
41400.00000000 0.97847011
41500.00000000 0.97871180
41600.00000000 0.97859290
41700.00000000 0.97871161
41800.00000000 0.97870943
41900.00000000 0.97876499
42000.00000000 0.97889076
42100.00000000 0.97882946
42200.00000000 0.97888057
42300.00000000 0.97901526
42400.00000000 0.97976886
42500.00000000 0.97920648
42600.00000000 0.97914323
42700.00000000 0.97915913
42800.00000000 0.97925581
42900.00000000 0.97934474
43000.00000000 0.97944921
43100.00000000 0.97962111
43200.00000000 0.97940042
43300.00000000 0.97944629
43400.00000000 0.97966481
43500.00000000 0.97957530
43600.00000000 0.97961298
43700.00000000 0.97972434
43800.00000000 0.97969291
43900.00000000 0.97973585
44000.00000000 0.98006247
44100.00000000 0.97987939
44200.00000000 0.97991288
44300.00000000 0.97996688
44400.00000000 0.98003337
44500.00000000 0.97999012
44600.00000000 0.98008664
44700.00000000 0.98016000
44800.00000000 0.98011686
44900.00000000 0.98015411
45000.00000000 0.98029024
45100.00000000 0.98025505
45200.00000000 0.98037856
45300.00000000 0.98036317
45400.00000000 0.98045379
45500.00000000 0.98051058
45600.00000000 0.98056719
45700.00000000 0.98056611
45800.00000000 0.98054047
45900.00000000 0.98060886
46000.00000000 0.98075093
46100.00000000 0.98070275
46200.00000000 0.98090974
46300.00000000 0.98078783
46400.00000000 0.98080674
46500.00000000 0.98089383
46600.00000000 0.98087498
46700.00000000 0.98100739
46800.00000000 0.98113159
46900.00000000 0.98100482
47000.00000000 0.98122551
47100.00000000 0.98111109
47200.00000000 0.98119349
47300.00000000 0.98129592
47400.00000000 0.98126202
47500.00000000 0.98130627
47600.00000000 0.98131590
47700.00000000 0.98158336
47800.00000000 0.98136288
47900.00000000 0.98144767
48000.00000000 0.98160294
48100.00000000 0.98153540
48200.00000000 0.98150575
48300.00000000 0.98187317
48400.00000000 0.98160559
48500.00000000 0.98203846
48600.00000000 0.98165751
48700.00000000 0.98185003
48800.00000000 0.98184032
48900.00000000 0.98185958
49000.00000000 0.98182068
49100.00000000 0.98212865
49200.00000000 0.98188771
49300.00000000 0.98209894
49400.00000000 0.98200141
49500.00000000 0.98208284
49600.00000000 0.98208647
49700.00000000 0.98218206
49800.00000000 0.98211050
49900.00000000 0.98216364
50000.00000000 0.98228181
50100.00000000 0.98227860
50200.00000000 0.98238254
50300.00000000 0.98230316
50400.00000000 0.98259772
50500.00000000 0.98234907
50600.00000000 0.98251661
50700.00000000 0.98256286
50800.00000000 0.98289289
50900.00000000 0.98255880
51000.00000000 0.98256911
51100.00000000 0.98278707
51200.00000000 0.98260420
51300.00000000 0.98271452
51400.00000000 0.98266966
51500.00000000 0.98297349
51600.00000000 0.98280230
51700.00000000 0.98278982
51800.00000000 0.98284930
51900.00000000 0.98288610
52000.00000000 0.98291493
52100.00000000 0.98289073
52200.00000000 0.98296398
52300.00000000 0.98307312
52400.00000000 0.98299076
52500.00000000 0.98316511
52600.00000000 0.98351881
52700.00000000 0.98310326
52800.00000000 0.98314969
52900.00000000 0.98327455
53000.00000000 0.98318027
53100.00000000 0.98332038
53200.00000000 0.98338364
53300.00000000 0.98327778
53400.00000000 0.98343916
53500.00000000 0.98335100
53600.00000000 0.98339878
53700.00000000 0.98340430
53800.00000000 0.98347242
53900.00000000 0.98356158
54000.00000000 0.98360910
54100.00000000 0.98358769
54200.00000000 0.98373550
54300.00000000 0.98398333
54400.00000000 0.98362216
54500.00000000 0.98401709
54600.00000000 0.98373693
54700.00000000 0.98371948
54800.00000000 0.98378425
54900.00000000 0.98385016
55000.00000000 0.98387930
55100.00000000 0.98390301
55200.00000000 0.98385403
55300.00000000 0.98390911
55400.00000000 0.98401508
55500.00000000 0.98379799
55600.00000000 0.98337682
55700.00000000 0.98277047
55800.00000000 0.98234735
55900.00000000 0.98215658
56000.00000000 0.98213812
56100.00000000 0.98214855
56200.00000000 0.98142762
56300.00000000 0.98073948
56400.00000000 0.98029003
56500.00000000 0.98013996
56600.00000000 0.98015456
56700.00000000 0.98025970
56800.00000000 0.98021817
56900.00000000 0.98034428
57000.00000000 0.98028745
57100.00000000 0.98034126
57200.00000000 0.98042745
57300.00000000 0.98043241
57400.00000000 0.98045979
57500.00000000 0.98045977
57600.00000000 0.98057873
57700.00000000 0.98053108
57800.00000000 0.98064078
57900.00000000 0.98059717
58000.00000000 0.98081393
58100.00000000 0.98083491
58200.00000000 0.98074141
58300.00000000 0.98099331
58400.00000000 0.98079863
58500.00000000 0.98085413
58600.00000000 0.98088892
58700.00000000 0.98033929
58800.00000000 0.98035992
58900.00000000 0.98044691
59000.00000000 0.98043836
59100.00000000 0.98040940
59200.00000000 0.98054063
59300.00000000 0.98050209
59400.00000000 0.98054345
59500.00000000 0.98003477
59600.00000000 0.97998718
59700.00000000 0.97976308
59800.00000000 0.97978451
59900.00000000 0.97982624
60000.00000000 0.97986181
60100.00000000 0.97999561
60200.00000000 0.97985317
60300.00000000 0.97945928
60400.00000000 0.97953541
60500.00000000 0.97953871
60600.00000000 0.97953987
60700.00000000 0.97958707
60800.00000000 0.97967733
60900.00000000 0.97971911
61000.00000000 0.97970942
61100.00000000 0.97973263
61200.00000000 0.97978370
61300.00000000 0.97983942
61400.00000000 0.97992357
61500.00000000 0.97985180
61600.00000000 0.97988232
61700.00000000 0.97989424
61800.00000000 0.97994114
61900.00000000 0.97996738
62000.00000000 0.98003394
62100.00000000 0.98005681
62200.00000000 0.98007389
62300.00000000 0.98017043
62400.00000000 0.98015081
62500.00000000 0.98018070
62600.00000000 0.98047997
62700.00000000 0.98021934
62800.00000000 0.98028101
62900.00000000 0.98033749
63000.00000000 0.98036763
63100.00000000 0.98039606
63200.00000000 0.98056829
63300.00000000 0.98057482
63400.00000000 0.98046204
63500.00000000 0.98046710
63600.00000000 0.98052335
63700.00000000 0.98025994
63800.00000000 0.97962298
63900.00000000 0.97936132
64000.00000000 0.97895044
64100.00000000 0.97884886
64200.00000000 0.97893260
64300.00000000 0.97851042
64400.00000000 0.97803183
64500.00000000 0.97767159
64600.00000000 0.97771517
64700.00000000 0.97740084
64800.00000000 0.97744997
64900.00000000 0.97743235
65000.00000000 0.97707704
65100.00000000 0.97670126
65200.00000000 0.97669730
65300.00000000 0.97680082
65400.00000000 0.97680777
65500.00000000 0.97663383
65600.00000000 0.97661270
65700.00000000 0.97659410
65800.00000000 0.97652846
65900.00000000 0.97629766
66000.00000000 0.97577586
66100.00000000 0.97523229
66200.00000000 0.97529854
66300.00000000 0.97529910
66400.00000000 0.97568614
66500.00000000 0.97527114
66600.00000000 0.97542464
66700.00000000 0.97534266
66800.00000000 0.97551433
66900.00000000 0.97541081
67000.00000000 0.97558571
67100.00000000 0.97549909
67200.00000000 0.97566136
67300.00000000 0.97554465
67400.00000000 0.97590233
67500.00000000 0.97577074
67600.00000000 0.97594957
67700.00000000 0.97576649
67800.00000000 0.97592375
67900.00000000 0.97579382
68000.00000000 0.97580413
68100.00000000 0.97590107
68200.00000000 0.97587527
68300.00000000 0.97594782
68400.00000000 0.97601174
68500.00000000 0.97600376
68600.00000000 0.97606766
68700.00000000 0.97616100
68800.00000000 0.97609791
68900.00000000 0.97615887
69000.00000000 0.97633161
69100.00000000 0.97635643
69200.00000000 0.97630515
69300.00000000 0.97628684
69400.00000000 0.97629650
69500.00000000 0.97578856
69600.00000000 0.97530441
69700.00000000 0.97538359
69800.00000000 0.97505781
69900.00000000 0.97502681
70000.00000000 0.97497087
70100.00000000 0.97466443
70200.00000000 0.97477062
70300.00000000 0.97472671
70400.00000000 0.97491177
70500.00000000 0.97484017
70600.00000000 0.97513339
70700.00000000 0.97488835
70800.00000000 0.97505843
70900.00000000 0.97495177
71000.00000000 0.97497219
71100.00000000 0.97506031
71200.00000000 0.97489018
71300.00000000 0.97475947
71400.00000000 0.97481647
71500.00000000 0.97483172
71600.00000000 0.97479675
71700.00000000 0.97481852
71800.00000000 0.97486308
71900.00000000 0.97485589
72000.00000000 0.97498661
72100.00000000 0.97497441
72200.00000000 0.97500412
72300.00000000 0.97497778
72400.00000000 0.97511392
72500.00000000 0.97504379
72600.00000000 0.97511495
72700.00000000 0.97517547
72800.00000000 0.97520950
72900.00000000 0.97521634
73000.00000000 0.97528502
73100.00000000 0.97524862
73200.00000000 0.97540175
73300.00000000 0.97532611
73400.00000000 0.97541734
73500.00000000 0.97550421
73600.00000000 0.97524260
73700.00000000 0.97514415
73800.00000000 0.97537756
73900.00000000 0.97517405
74000.00000000 0.97527817
74100.00000000 0.97521828
74200.00000000 0.97527385
74300.00000000 0.97528817
74400.00000000 0.97548731
74500.00000000 0.97535431
74600.00000000 0.97540745
74700.00000000 0.97558887
74800.00000000 0.97546305
74900.00000000 0.97558788
75000.00000000 0.97552422
75100.00000000 0.97560583
75200.00000000 0.97579646
75300.00000000 0.97571790
75400.00000000 0.97581240
75500.00000000 0.97571174
75600.00000000 0.97587727
75700.00000000 0.97583334
75800.00000000 0.97579049
75900.00000000 0.97590356
76000.00000000 0.97587830
76100.00000000 0.97588489
76200.00000000 0.97602365
76300.00000000 0.97598715
76400.00000000 0.97605448
76500.00000000 0.97602247
76600.00000000 0.97603399
76700.00000000 0.97606732
76800.00000000 0.97611613
76900.00000000 0.97619397
77000.00000000 0.97617153
77100.00000000 0.97623508
77200.00000000 0.97623488
77300.00000000 0.97634587
77400.00000000 0.97629284
77500.00000000 0.97637497
77600.00000000 0.97635883
77700.00000000 0.97642382
77800.00000000 0.97647924
77900.00000000 0.97643149
78000.00000000 0.97647479
78100.00000000 0.97654831
78200.00000000 0.97660711
78300.00000000 0.97654805
78400.00000000 0.97659774
78500.00000000 0.97660700
78600.00000000 0.97664803
78700.00000000 0.97674462
78800.00000000 0.97671417
78900.00000000 0.97679255
79000.00000000 0.97665796
79100.00000000 0.97650182
79200.00000000 0.97631075
79300.00000000 0.97621852
79400.00000000 0.97626226
79500.00000000 0.97629223
79600.00000000 0.97641822
79700.00000000 0.97648824
79800.00000000 0.97635746
79900.00000000 0.97637870
80000.00000000 0.97653097
80100.00000000 0.97648433
80200.00000000 0.97647586
80300.00000000 0.97634958
80400.00000000 0.97599169
80500.00000000 0.97600266
80600.00000000 0.97591043
80700.00000000 0.97593788
80800.00000000 0.97598275
80900.00000000 0.97600062
81000.00000000 0.97603255
81100.00000000 0.97635354
81200.00000000 0.97612273
81300.00000000 0.97619765
81400.00000000 0.97619732
81500.00000000 0.97622257
81600.00000000 0.97584617
81700.00000000 0.97601056
81800.00000000 0.97598665
81900.00000000 0.97597873
82000.00000000 0.97596674
82100.00000000 0.97599150
82200.00000000 0.97603372
82300.00000000 0.97571646
82400.00000000 0.97583811
82500.00000000 0.97582682
82600.00000000 0.97582741
82700.00000000 0.97592694
82800.00000000 0.97585954
82900.00000000 0.97599673
83000.00000000 0.97597386
83100.00000000 0.97610963
83200.00000000 0.97603573
83300.00000000 0.97601342
83400.00000000 0.97551068
83500.00000000 0.97513275
83600.00000000 0.97493109
83700.00000000 0.97438281
83800.00000000 0.97399676
83900.00000000 0.97404830
84000.00000000 0.97408952
84100.00000000 0.97414872
84200.00000000 0.97419538
84300.00000000 0.97379615
84400.00000000 0.97331899
84500.00000000 0.97337322
84600.00000000 0.97342159
84700.00000000 0.97347008
84800.00000000 0.97366104
84900.00000000 0.97351905
85000.00000000 0.97349814
85100.00000000 0.97372002
85200.00000000 0.97355691
85300.00000000 0.97367706
85400.00000000 0.97371364
85500.00000000 0.97369131
85600.00000000 0.97368886
85700.00000000 0.97373680
85800.00000000 0.97376625
85900.00000000 0.97377406
86000.00000000 0.97382869
86100.00000000 0.97388060
86200.00000000 0.97391780
86300.00000000 0.97390360
86400.00000000 0.97399281
86500.00000000 0.97410076
86600.00000000 0.97404385
86700.00000000 0.97401719
86800.00000000 0.97414875
86900.00000000 0.97411011
87000.00000000 0.97423466
87100.00000000 0.97413831
87200.00000000 0.97416580
87300.00000000 0.97423039
87400.00000000 0.97436267
87500.00000000 0.97431895
87600.00000000 0.97428092
87700.00000000 0.97431338
87800.00000000 0.97434178
87900.00000000 0.97442369
88000.00000000 0.97439939
88100.00000000 0.97450167
88200.00000000 0.97446211
88300.00000000 0.97461320
88400.00000000 0.97458441
88500.00000000 0.97454529
88600.00000000 0.97472510
88700.00000000 0.97465043
88800.00000000 0.97467458
88900.00000000 0.97467527
89000.00000000 0.97469773
89100.00000000 0.97477681
89200.00000000 0.97482784
89300.00000000 0.97476691
89400.00000000 0.97479888
89500.00000000 0.97487085
89600.00000000 0.97490771
89700.00000000 0.97491735
89800.00000000 0.97496278
89900.00000000 0.97497304
90000.00000000 0.97501386
90100.00000000 0.97511289
90200.00000000 0.97505211
90300.00000000 0.97504708
90400.00000000 0.97523676
90500.00000000 0.97515882
90600.00000000 0.97514981
90700.00000000 0.97528021
90800.00000000 0.97555155
90900.00000000 0.97523414
91000.00000000 0.97524071
91100.00000000 0.97525998
91200.00000000 0.97532953
91300.00000000 0.97534643
91400.00000000 0.97536646
91500.00000000 0.97547003
91600.00000000 0.97542628
91700.00000000 0.97545599
91800.00000000 0.97545028
91900.00000000 0.97547516
92000.00000000 0.97552731
92100.00000000 0.97555561
92200.00000000 0.97557728
92300.00000000 0.97558893
92400.00000000 0.97565531
92500.00000000 0.97569494
92600.00000000 0.97568549
92700.00000000 0.97569023
92800.00000000 0.97578946
92900.00000000 0.97591019
93000.00000000 0.97578697
93100.00000000 0.97584200
93200.00000000 0.97583433
93300.00000000 0.97589477
93400.00000000 0.97589956
93500.00000000 0.97600922
93600.00000000 0.97592157
93700.00000000 0.97600400
93800.00000000 0.97603088
93900.00000000 0.97603645
94000.00000000 0.97603421
94100.00000000 0.97611754
94200.00000000 0.97622356
94300.00000000 0.97613847
94400.00000000 0.97615707
94500.00000000 0.97620234
94600.00000000 0.97625628
94700.00000000 0.97625205
94800.00000000 0.97632386
94900.00000000 0.97626769
95000.00000000 0.97628819
95100.00000000 0.97630921
95200.00000000 0.97639033
95300.00000000 0.97636386
95400.00000000 0.97638141
95500.00000000 0.97647671
95600.00000000 0.97645898
95700.00000000 0.97651099
95800.00000000 0.97648199
95900.00000000 0.97653200
96000.00000000 0.97654721
96100.00000000 0.97658435
96200.00000000 0.97658536
96300.00000000 0.97664380
96400.00000000 0.97662083
96500.00000000 0.97666407
96600.00000000 0.97686442
96700.00000000 0.97670427
96800.00000000 0.97680111
96900.00000000 0.97676307
97000.00000000 0.97678024
97100.00000000 0.97685764
97200.00000000 0.97685938
97300.00000000 0.97690214
97400.00000000 0.97687134
97500.00000000 0.97697709
97600.00000000 0.97691184
97700.00000000 0.97704337
97800.00000000 0.97697344
97900.00000000 0.97703236
98000.00000000 0.97702278
98100.00000000 0.97712586
98200.00000000 0.97705750
98300.00000000 0.97714121
98400.00000000 0.97716378
98500.00000000 0.97712913
98600.00000000 0.97722052
98700.00000000 0.97731588
98800.00000000 0.97718952
98900.00000000 0.97726129
99000.00000000 0.97743588
99100.00000000 0.97730424
99200.00000000 0.97731127
99300.00000000 0.97731459
99400.00000000 0.97736872
99500.00000000 0.97736521
99600.00000000 0.97746157
99700.00000000 0.97743934
99800.00000000 0.97742200
99900.00000000 0.97744551
100000.00000000 0.97751787
