100.00000000 2.23553883
200.00000000 1.50619896
300.00000000 2.26942184
400.00000000 4.72892124
500.00000000 5.54077277
600.00000000 5.94618447
700.00000000 6.40460371
800.00000000 6.76211488
900.00000000 6.93128667
1000.00000000 6.41530848
1100.00000000 5.98039756
1200.00000000 5.53624224
1300.00000000 5.25915273
1400.00000000 4.94850187
1500.00000000 4.70306248
1600.00000000 4.45698635
1700.00000000 4.26335967
1800.00000000 4.11855659
1900.00000000 3.96058922
2000.00000000 3.86696143
2100.00000000 3.81926506
2200.00000000 3.77614399
2300.00000000 3.74104992
2400.00000000 4.04840468
2500.00000000 4.43841029
2600.00000000 4.57367296
2700.00000000 4.46330217
2800.00000000 4.48041865
2900.00000000 4.63605338
3000.00000000 4.90412748
3100.00000000 5.12995248
3200.00000000 5.37981276
3300.00000000 5.30147050
3400.00000000 5.29838835
3500.00000000 5.39620911
3600.00000000 5.34158746
3700.00000000 5.23689852
3800.00000000 5.16400678
3900.00000000 5.10069310
4000.00000000 5.00659552
4100.00000000 4.90359811
4200.00000000 4.82127421
4300.00000000 4.73574387
4400.00000000 4.65812605
4500.00000000 4.59304248
4600.00000000 4.50097540
4700.00000000 4.46288551
4800.00000000 4.54757975
4900.00000000 4.71162980
5000.00000000 4.82430937
5100.00000000 4.80821007
5200.00000000 4.95339348
5300.00000000 5.14218989
5400.00000000 5.40475988
5500.00000000 5.67871611
5600.00000000 5.91456418
5700.00000000 6.04980480
5800.00000000 6.05659331
5900.00000000 6.06563904
6000.00000000 5.99856749
6100.00000000 6.03884106
6200.00000000 6.15723486
6300.00000000 6.21008048
6400.00000000 6.14402072
6500.00000000 6.08453216
6600.00000000 6.03958773
6700.00000000 6.03736769
6800.00000000 6.05417928
6900.00000000 5.98895657
7000.00000000 5.95291447
7100.00000000 5.87976989
7200.00000000 5.83781933
7300.00000000 5.79567369
7400.00000000 5.74075815
7500.00000000 5.68983850
7600.00000000 5.62838767
7700.00000000 5.57160340
7800.00000000 5.52183773
7900.00000000 5.47167060
8000.00000000 5.43289382
8100.00000000 5.41477949
8200.00000000 5.51577711
8300.00000000 5.52879338
8400.00000000 5.58135340
8500.00000000 5.58294685
8600.00000000 5.62808731
8700.00000000 5.59281247
8800.00000000 5.54588354
8900.00000000 5.56391535
9000.00000000 5.54459078
9100.00000000 5.49687257
9200.00000000 5.44790891
9300.00000000 5.43415944
9400.00000000 5.46583467
9500.00000000 5.49105107
9600.00000000 5.57178134
9700.00000000 5.63857800
9800.00000000 5.73168968
9900.00000000 5.88843601
10000.00000000 6.10092427
10100.00000000 6.28657397
10200.00000000 6.37340002
10300.00000000 6.40758961
10400.00000000 6.40421209
10500.00000000 6.39090206
10600.00000000 6.34371871
10700.00000000 6.30524591
10800.00000000 6.25485066
10900.00000000 6.20362561
11000.00000000 6.16450341
11100.00000000 6.16183375
11200.00000000 6.12646612
11300.00000000 6.09203023
11400.00000000 6.09668741
11500.00000000 6.05117730
11600.00000000 6.02924432
11700.00000000 6.02282113
11800.00000000 5.98444915
11900.00000000 6.01169973
12000.00000000 6.00858815
12100.00000000 5.99104913
12200.00000000 5.95994558
12300.00000000 5.93542378
12400.00000000 5.91162756
12500.00000000 5.87542722
12600.00000000 5.85152158
12700.00000000 5.84330894
12800.00000000 5.90347313
12900.00000000 6.00677287
13000.00000000 6.07546242
13100.00000000 6.13528204
13200.00000000 6.20323308
13300.00000000 6.26129517
13400.00000000 6.24540229
13500.00000000 6.21027275
13600.00000000 6.17550974
13700.00000000 6.13967312
13800.00000000 6.17341751
13900.00000000 6.25787575
14000.00000000 6.33716885
14100.00000000 6.42807657
14200.00000000 6.47660210
14300.00000000 6.45904756
14400.00000000 6.44612112
14500.00000000 6.44551012
14600.00000000 6.41107635
14700.00000000 6.37409406
14800.00000000 6.34045121
14900.00000000 6.30226898
15000.00000000 6.27299103
15100.00000000 6.25213534
15200.00000000 6.22946781
15300.00000000 6.21653949
15400.00000000 6.18980508
15500.00000000 6.16417150
15600.00000000 6.13931334
15700.00000000 6.12066567
15800.00000000 6.09386830
15900.00000000 6.10888141
16000.00000000 6.16247419
16100.00000000 6.17186336
16200.00000000 6.19503298
16300.00000000 6.19101547
16400.00000000 6.22681359
16500.00000000 6.27950704
16600.00000000 6.28381491
16700.00000000 6.25891339
16800.00000000 6.22657522
16900.00000000 6.24029349
17000.00000000 6.26777424
17100.00000000 6.26820929
17200.00000000 6.23858295
17300.00000000 6.22584065
17400.00000000 6.23847886
17500.00000000 6.20780478
17600.00000000 6.19446949
17700.00000000 6.19641413
17800.00000000 6.17830198
17900.00000000 6.15344302
18000.00000000 6.14416196
18100.00000000 6.13355216
18200.00000000 6.10495882
18300.00000000 6.07685678
18400.00000000 6.04790257
18500.00000000 6.02020079
18600.00000000 6.00628570
18700.00000000 5.97731705
18800.00000000 5.95183410
18900.00000000 5.93477121
19000.00000000 5.91491946
19100.00000000 5.89305924
19200.00000000 5.87656619
19300.00000000 5.85788454
19400.00000000 5.83971936
19500.00000000 5.81512241
19600.00000000 5.79937287
19700.00000000 5.80488215
19800.00000000 5.82200888
19900.00000000 5.80525754
20000.00000000 5.79074672
20100.00000000 5.78983149
20200.00000000 5.77240949
20300.00000000 5.75870650
20400.00000000 5.76654671
20500.00000000 5.75309680
20600.00000000 5.73265801
20700.00000000 5.70950673
20800.00000000 5.68866547
20900.00000000 5.67248864
21000.00000000 5.67911699
21100.00000000 5.66135079
21200.00000000 5.63870166
21300.00000000 5.62602374
21400.00000000 5.61325283
21500.00000000 5.62180118
21600.00000000 5.65790545
21700.00000000 5.68485995
21800.00000000 5.68128472
21900.00000000 5.68613989
22000.00000000 5.67254070
22100.00000000 5.66223450
22200.00000000 5.64894831
22300.00000000 5.63192007
22400.00000000 5.61467138
22500.00000000 5.64503278
22600.00000000 5.67693901
22700.00000000 5.70302012
22800.00000000 5.75507331
22900.00000000 5.79199677
23000.00000000 5.84073570
23100.00000000 5.88841395
23200.00000000 5.92375782
23300.00000000 5.93286724
23400.00000000 5.91348402
23500.00000000 5.89225570
23600.00000000 5.87669489
23700.00000000 5.87491102
23800.00000000 5.85833935
23900.00000000 5.84805490
24000.00000000 5.84595534
24100.00000000 5.83287694
24200.00000000 5.83125073
24300.00000000 5.85550036
24400.00000000 5.85183981
24500.00000000 5.84657417
24600.00000000 5.85667650
24700.00000000 5.87252315
24800.00000000 5.89281428
24900.00000000 5.89918704
25000.00000000 5.89542944
25100.00000000 5.88650620
25200.00000000 5.87714131
25300.00000000 5.85700267
25400.00000000 5.85679504
25500.00000000 5.84638007
25600.00000000 5.83016381
25700.00000000 5.81212961
25800.00000000 5.79465024
25900.00000000 5.77934032
26000.00000000 5.79628688
26100.00000000 5.84523581
26200.00000000 5.89596180
26300.00000000 5.96771112
26400.00000000 6.03335096
26500.00000000 6.07614172
26600.00000000 6.11641440
26700.00000000 6.12992768
26800.00000000 6.10988806
26900.00000000 6.10309325
27000.00000000 6.10322103
27100.00000000 6.10600782
27200.00000000 6.09351535
27300.00000000 6.07974981
27400.00000000 6.06602027
27500.00000000 6.05036309
27600.00000000 6.03728972
27700.00000000 6.02088844
27800.00000000 6.00481580
27900.00000000 6.00270703
28000.00000000 5.99914376
28100.00000000 6.00616177
28200.00000000 5.99567955
28300.00000000 5.99076239
28400.00000000 5.98577890
28500.00000000 5.98378308
28600.00000000 5.97960434
28700.00000000 5.96101078
28800.00000000 5.96229964
28900.00000000 5.96142015
29000.00000000 5.95420428
29100.00000000 5.94744006
29200.00000000 5.93480482
29300.00000000 5.93135201
29400.00000000 5.92568378
29500.00000000 5.91118050
29600.00000000 5.89968894
29700.00000000 5.88455797
29800.00000000 5.87093248
29900.00000000 5.85521972
30000.00000000 5.84897526
30100.00000000 5.83720167
30200.00000000 5.82884177
30300.00000000 5.81492750
30400.00000000 5.79951419
30500.00000000 5.80627108
30600.00000000 5.81166789
30700.00000000 5.80321037
30800.00000000 5.78742486
30900.00000000 5.77891352
31000.00000000 5.78603016
31100.00000000 5.77203030
31200.00000000 5.78693593
31300.00000000 5.80796269
31400.00000000 5.83148889
31500.00000000 5.82976082
31600.00000000 5.81594807
31700.00000000 5.79943712
31800.00000000 5.78526117
31900.00000000 5.77143799
32000.00000000 5.77873944
32100.00000000 5.77244818
32200.00000000 5.75804264
32300.00000000 5.74843268
32400.00000000 5.73267457
32500.00000000 5.72004062
32600.00000000 5.70517463
32700.00000000 5.68964836
32800.00000000 5.67635263
32900.00000000 5.66340826
33000.00000000 5.65068212
33100.00000000 5.65027319
33200.00000000 5.65944981
33300.00000000 5.65949544
33400.00000000 5.65793682
33500.00000000 5.70700728
33600.00000000 5.77405360
33700.00000000 5.82677568
33800.00000000 5.87384957
33900.00000000 5.89442994
34000.00000000 5.88337803
34100.00000000 5.87008485
34200.00000000 5.85712521
34300.00000000 5.84591204
34400.00000000 5.83118329
34500.00000000 5.81552432
34600.00000000 5.81158072
34700.00000000 5.80148479
34800.00000000 5.79925902
34900.00000000 5.81142713
35000.00000000 5.80907133
35100.00000000 5.80077802
35200.00000000 5.79340899
35300.00000000 5.78509225
35400.00000000 5.77334187
35500.00000000 5.75866070
35600.00000000 5.74672151
35700.00000000 5.73875963
35800.00000000 5.72595461
35900.00000000 5.71198104
36000.00000000 5.69926116
36100.00000000 5.68639179
36200.00000000 5.67211652
36300.00000000 5.66334945
36400.00000000 5.67079463
36500.00000000 5.69864377
36600.00000000 5.75826874
36700.00000000 5.81580241
36800.00000000 5.86832559
36900.00000000 5.90572761
37000.00000000 5.92749328
37100.00000000 5.95322096
37200.00000000 5.97350133
37300.00000000 5.98769161
37400.00000000 5.99076628
37500.00000000 6.01066274
37600.00000000 6.00334576
37700.00000000 5.99224650
37800.00000000 5.98379852
37900.00000000 5.99056552
38000.00000000 5.99649928
38100.00000000 5.99342808
38200.00000000 6.00362832
38300.00000000 6.01518345
38400.00000000 6.02328532
38500.00000000 6.01975653
38600.00000000 6.01431761
38700.00000000 6.02582284
38800.00000000 6.04351427
38900.00000000 6.05906746
39000.00000000 6.07973121
39100.00000000 6.09493700
39200.00000000 6.11001823
39300.00000000 6.10618656
39400.00000000 6.11883471
39500.00000000 6.13493186
39600.00000000 6.14091596
39700.00000000 6.13182912
39800.00000000 6.13528048
39900.00000000 6.15499925
40000.00000000 6.16292710
40100.00000000 6.17001680
40200.00000000 6.16380856
40300.00000000 6.17024069
40400.00000000 6.18186489
40500.00000000 6.18158361
40600.00000000 6.17673290
40700.00000000 6.16772756
40800.00000000 6.15992115
40900.00000000 6.14897987
41000.00000000 6.13941997
41100.00000000 6.13851614
41200.00000000 6.14531692
41300.00000000 6.14439414
41400.00000000 6.13115770
41500.00000000 6.11725149
41600.00000000 6.10399425
41700.00000000 6.09150211
41800.00000000 6.08329788
41900.00000000 6.08098705
42000.00000000 6.08078894
42100.00000000 6.07631098
42200.00000000 6.08371951
42300.00000000 6.10120325
42400.00000000 6.10629976
42500.00000000 6.09390740
42600.00000000 6.08468692
42700.00000000 6.07639357
42800.00000000 6.06741215
42900.00000000 6.06165632
43000.00000000 6.05063550
43100.00000000 6.04405073
43200.00000000 6.03917715
43300.00000000 6.03272098
43400.00000000 6.03260857
43500.00000000 6.02326157
43600.00000000 6.02782210
43700.00000000 6.03289063
43800.00000000 6.05462096
43900.00000000 6.08813969
44000.00000000 6.12487135
44100.00000000 6.14273826
44200.00000000 6.15712806
44300.00000000 6.15256598
44400.00000000 6.14694555
44500.00000000 6.14481703
44600.00000000 6.13419479
44700.00000000 6.12303740
44800.00000000 6.11628743
44900.00000000 6.10339535
45000.00000000 6.09438770
45100.00000000 6.08870462
45200.00000000 6.08034910
45300.00000000 6.08028488
45400.00000000 6.07936302
45500.00000000 6.07325243
45600.00000000 6.07236896
45700.00000000 6.07154239
45800.00000000 6.06178200
45900.00000000 6.05268958
46000.00000000 6.04261394
46100.00000000 6.03186534
46200.00000000 6.02005296
46300.00000000 6.01921291
46400.00000000 6.03263299
46500.00000000 6.03153939
46600.00000000 6.02311548
46700.00000000 6.01467367
46800.00000000 6.00953659
46900.00000000 6.00101477
47000.00000000 6.00133199
47100.00000000 5.99453978
47200.00000000 5.98965533
47300.00000000 6.00414890
47400.00000000 6.02062274
47500.00000000 6.02724197
47600.00000000 6.01894395
47700.00000000 6.01135081
47800.00000000 6.01204868
47900.00000000 6.00211209
48000.00000000 5.99291462
48100.00000000 5.98407102
48200.00000000 5.97541827
48300.00000000 5.97303041
48400.00000000 5.96391205
48500.00000000 5.95511514
48600.00000000 5.94777475
48700.00000000 5.93997377
48800.00000000 5.93620125
48900.00000000 5.95826516
49000.00000000 5.97545886
49100.00000000 5.99129371
49200.00000000 6.00742173
49300.00000000 6.00556399
49400.00000000 5.99814560
49500.00000000 5.98938390
49600.00000000 5.97875111
49700.00000000 5.97011350
49800.00000000 5.96213277
49900.00000000 5.95217190
50000.00000000 5.94576009
50100.00000000 5.94788599
50200.00000000 5.94433253
50300.00000000 5.93500012
50400.00000000 5.92969901
50500.00000000 5.92351588
50600.00000000 5.91245229
50700.00000000 5.90626079
50800.00000000 5.90164929
50900.00000000 5.89278381
51000.00000000 5.88362221
51100.00000000 5.88024456
51200.00000000 5.88125295
51300.00000000 5.87681870
51400.00000000 5.86840240
51500.00000000 5.85966041
51600.00000000 5.85756418
51700.00000000 5.84847131
51800.00000000 5.84051160
51900.00000000 5.83109939
52000.00000000 5.82520055
52100.00000000 5.82069052
52200.00000000 5.81363477
52300.00000000 5.80475097
52400.00000000 5.79547283
52500.00000000 5.78653917
52600.00000000 5.77646039
52700.00000000 5.77067038
52800.00000000 5.76256947
52900.00000000 5.75741304
53000.00000000 5.74813969
53100.00000000 5.74077449
53200.00000000 5.74393334
53300.00000000 5.75134463
53400.00000000 5.75798126
53500.00000000 5.75494918
53600.00000000 5.74605187
53700.00000000 5.73933757
53800.00000000 5.73196004
53900.00000000 5.72436746
54000.00000000 5.72017632
54100.00000000 5.71966239
54200.00000000 5.72946894
54300.00000000 5.72744945
54400.00000000 5.71904917
54500.00000000 5.71106258
54600.00000000 5.71342535
54700.00000000 5.71430967
54800.00000000 5.70737108
54900.00000000 5.69871644
55000.00000000 5.69876806
55100.00000000 5.69968730
55200.00000000 5.69681527
55300.00000000 5.69211151
55400.00000000 5.69689217
55500.00000000 5.68835568
55600.00000000 5.68624630
55700.00000000 5.67896703
55800.00000000 5.67861049
55900.00000000 5.68436925
56000.00000000 5.69221989
56100.00000000 5.70232303
56200.00000000 5.71456062
56300.00000000 5.72389510
56400.00000000 5.73698780
56500.00000000 5.75239575
56600.00000000 5.76806174
56700.00000000 5.77957060
56800.00000000 5.77873503
56900.00000000 5.77177899
57000.00000000 5.76478632
57100.00000000 5.75665071
57200.00000000 5.74971095
57300.00000000 5.74274268
57400.00000000 5.73396776
57500.00000000 5.72490539
57600.00000000 5.72119802
57700.00000000 5.72313470
57800.00000000 5.73168546
57900.00000000 5.73518035
58000.00000000 5.74296163
58100.00000000 5.74038311
58200.00000000 5.73712766
58300.00000000 5.73255429
58400.00000000 5.72571261
58500.00000000 5.71767938
58600.00000000 5.71044538
58700.00000000 5.70864698
58800.00000000 5.70186817
58900.00000000 5.69641779
59000.00000000 5.69447390
59100.00000000 5.70826727
59200.00000000 5.74007999
59300.00000000 5.77081189
59400.00000000 5.79316322
59500.00000000 5.79946293
59600.00000000 5.79329889
59700.00000000 5.78986806
59800.00000000 5.78627678
59900.00000000 5.78809118
60000.00000000 5.79787410
60100.00000000 5.79405504
60200.00000000 5.80194903
60300.00000000 5.82028767
60400.00000000 5.83063790
60500.00000000 5.84442784
60600.00000000 5.87797957
60700.00000000 5.91829435
60800.00000000 5.94504889
60900.00000000 5.96579063
61000.00000000 5.98583774
61100.00000000 6.00117516
61200.00000000 6.01114879
61300.00000000 6.01428713
61400.00000000 6.00650084
61500.00000000 6.00244555
61600.00000000 5.99469348
61700.00000000 5.98997942
61800.00000000 5.99018129
61900.00000000 5.98911438
62000.00000000 5.98616923
62100.00000000 5.98040960
62200.00000000 5.97936749
62300.00000000 5.98444560
62400.00000000 5.99489039
62500.00000000 6.01368166
62600.00000000 6.03765447
62700.00000000 6.04699292
62800.00000000 6.04094441
62900.00000000 6.03352471
63000.00000000 6.03189551
63100.00000000 6.02731214
63200.00000000 6.02291402
63300.00000000 6.01855193
63400.00000000 6.01804876
63500.00000000 6.01462716
63600.00000000 6.01113191
63700.00000000 6.00320790
63800.00000000 5.99912587
63900.00000000 6.00364560
64000.00000000 6.00123077
64100.00000000 5.99894602
64200.00000000 6.00446371
64300.00000000 6.01383811
64400.00000000 6.02766159
64500.00000000 6.02732591
64600.00000000 6.02151796
64700.00000000 6.01336771
64800.00000000 6.00922932
64900.00000000 6.00172975
65000.00000000 5.99613787
65100.00000000 5.99143686
65200.00000000 5.98395962
65300.00000000 5.97660778
65400.00000000 5.96817115
65500.00000000 5.96498163
65600.00000000 5.95933906
65700.00000000 5.95685599
65800.00000000 5.95816773
65900.00000000 5.95094257
66000.00000000 5.94907969
66100.00000000 5.94202858
66200.00000000 5.93508752
66300.00000000 5.92886928
66400.00000000 5.92448038
66500.00000000 5.91845237
66600.00000000 5.91371479
66700.00000000 5.90819595
66800.00000000 5.90727700
66900.00000000 5.91118100
67000.00000000 5.91198976
67100.00000000 5.90876281
67200.00000000 5.90394632
67300.00000000 5.89830893
67400.00000000 5.89779745
67500.00000000 5.89404643
67600.00000000 5.89021827
67700.00000000 5.88697606
67800.00000000 5.88732518
67900.00000000 5.88522659
68000.00000000 5.87974726
68100.00000000 5.88158833
68200.00000000 5.88693670
68300.00000000 5.88015445
68400.00000000 5.88001749
68500.00000000 5.88828001
68600.00000000 5.90430286
68700.00000000 5.92195686
68800.00000000 5.94119536
68900.00000000 5.96150558
69000.00000000 5.97626373
69100.00000000 5.98444572
69200.00000000 5.98396171
69300.00000000 5.99175512
69400.00000000 5.99492245
69500.00000000 6.00054493
69600.00000000 5.99722065
69700.00000000 5.99249125
69800.00000000 5.99391414
69900.00000000 5.99327355
70000.00000000 5.98595905
70100.00000000 5.98045178
70200.00000000 5.97464064
70300.00000000 5.97189910
70400.00000000 5.96658914
70500.00000000 5.96148188
70600.00000000 5.96571545
70700.00000000 5.97616463
70800.00000000 5.99097276
70900.00000000 6.00971331
71000.00000000 6.02859183
71100.00000000 6.03457818
71200.00000000 6.02945448
71300.00000000 6.02511140
71400.00000000 6.01854263
71500.00000000 6.01426883
71600.00000000 6.00893295
71700.00000000 6.00250687
71800.00000000 6.00412338
71900.00000000 5.99832425
72000.00000000 5.99267234
72100.00000000 5.99312418
72200.00000000 6.00080538
72300.00000000 6.02748531
72400.00000000 6.06458380
72500.00000000 6.10126405
72600.00000000 6.14176860
72700.00000000 6.19726596
72800.00000000 6.25848915
72900.00000000 6.31303116
73000.00000000 6.35906299
73100.00000000 6.39850596
73200.00000000 6.42496509
73300.00000000 6.43958433
73400.00000000 6.43718941
73500.00000000 6.43027255
73600.00000000 6.42421263
73700.00000000 6.42024700
73800.00000000 6.41557969
73900.00000000 6.41001471
74000.00000000 6.40314139
74100.00000000 6.40241570
74200.00000000 6.41329730
74300.00000000 6.42797619
74400.00000000 6.44157888
74500.00000000 6.45683505
74600.00000000 6.47109066
74700.00000000 6.48456250
74800.00000000 6.49460173
74900.00000000 6.50452549
75000.00000000 6.50448983
75100.00000000 6.50129395
75200.00000000 6.50090998
75300.00000000 6.49522629
75400.00000000 6.48897903
75500.00000000 6.48263187
75600.00000000 6.47817395
75700.00000000 6.47154225
75800.00000000 6.46602956
75900.00000000 6.45906524
76000.00000000 6.46140475
76100.00000000 6.46101571
76200.00000000 6.47144248
76300.00000000 6.49955449
76400.00000000 6.53432931
76500.00000000 6.55588159
76600.00000000 6.57677956
76700.00000000 6.59197798
76800.00000000 6.59777676
76900.00000000 6.59862391
77000.00000000 6.60066990
77100.00000000 6.60155838
77200.00000000 6.59711445
77300.00000000 6.58978655
77400.00000000 6.58903287
77500.00000000 6.59986308
77600.00000000 6.62199204
77700.00000000 6.64566755
77800.00000000 6.67041073
77900.00000000 6.69647306
78000.00000000 6.71839092
78100.00000000 6.72934798
78200.00000000 6.73616180
78300.00000000 6.73801315
78400.00000000 6.73874552
78500.00000000 6.73235888
78600.00000000 6.72570945
78700.00000000 6.72595290
78800.00000000 6.72331753
78900.00000000 6.71700632
79000.00000000 6.71210219
79100.00000000 6.70636648
79200.00000000 6.70165307
79300.00000000 6.69695731
79400.00000000 6.69023139
79500.00000000 6.68341465
79600.00000000 6.67615697
79700.00000000 6.67382858
79800.00000000 6.67798029
79900.00000000 6.67322985
80000.00000000 6.66739335
80100.00000000 6.67020031
80200.00000000 6.66664564
80300.00000000 6.66420444
80400.00000000 6.66207438
80500.00000000 6.65680257
80600.00000000 6.65254274
80700.00000000 6.65047566
80800.00000000 6.65789949
80900.00000000 6.66259526
81000.00000000 6.66634635
81100.00000000 6.65986587
81200.00000000 6.65858101
81300.00000000 6.65392492
81400.00000000 6.64727265
81500.00000000 6.64338118
81600.00000000 6.63633311
81700.00000000 6.62902789
81800.00000000 6.62377272
81900.00000000 6.62439459
82000.00000000 6.62147704
82100.00000000 6.61950418
82200.00000000 6.61441426
82300.00000000 6.60976617
82400.00000000 6.60330068
82500.00000000 6.59770141
82600.00000000 6.59234248
82700.00000000 6.58542846
82800.00000000 6.57921871
82900.00000000 6.57290467
83000.00000000 6.56625662
83100.00000000 6.55971360
83200.00000000 6.55926326
83300.00000000 6.55950957
83400.00000000 6.56817760
83500.00000000 6.57401476
83600.00000000 6.57654447
83700.00000000 6.57870290
83800.00000000 6.57821782
83900.00000000 6.57518376
84000.00000000 6.56805190
84100.00000000 6.56228910
84200.00000000 6.56194968
84300.00000000 6.55848573
84400.00000000 6.55195263
84500.00000000 6.54791284
84600.00000000 6.55575489
84700.00000000 6.56415746
84800.00000000 6.57283236
84900.00000000 6.58031652
85000.00000000 6.57973917
85100.00000000 6.57343304
85200.00000000 6.57277945
85300.00000000 6.57055893
85400.00000000 6.57360103
85500.00000000 6.58799184
85600.00000000 6.59227646
85700.00000000 6.58566317
85800.00000000 6.57915402
85900.00000000 6.58559877
86000.00000000 6.60111659
86100.00000000 6.60624068
86200.00000000 6.60061562
86300.00000000 6.59805577
86400.00000000 6.60618207
86500.00000000 6.61742368
86600.00000000 6.63269428
86700.00000000 6.65685257
86800.00000000 6.67850863
86900.00000000 6.69416993
87000.00000000 6.69842511
87100.00000000 6.69307717
87200.00000000 6.68784558
87300.00000000 6.69157030
87400.00000000 6.69663381
87500.00000000 6.69457184
87600.00000000 6.68808032
87700.00000000 6.68202849
87800.00000000 6.67862743
87900.00000000 6.67168320
88000.00000000 6.66537087
88100.00000000 6.65942467
88200.00000000 6.65409119
88300.00000000 6.65026246
88400.00000000 6.64433548
88500.00000000 6.64099098
88600.00000000 6.63633027
88700.00000000 6.63326822
88800.00000000 6.62659951
88900.00000000 6.62076049
89000.00000000 6.61828584
89100.00000000 6.61190054
89200.00000000 6.60724655
89300.00000000 6.60084130
89400.00000000 6.59547573
89500.00000000 6.59509095
89600.00000000 6.59311518
89700.00000000 6.58842688
89800.00000000 6.58837447
89900.00000000 6.58318792
90000.00000000 6.57840675
90100.00000000 6.57863350
90200.00000000 6.58054569
90300.00000000 6.57488833
90400.00000000 6.56903824
90500.00000000 6.56315490
90600.00000000 6.56093403
90700.00000000 6.56240127
90800.00000000 6.57149340
90900.00000000 6.57316274
91000.00000000 6.57758095
91100.00000000 6.58528854
91200.00000000 6.58349754
91300.00000000 6.58413917
91400.00000000 6.57931814
91500.00000000 6.57356876
91600.00000000 6.56762857
91700.00000000 6.56428544
91800.00000000 6.55838612
91900.00000000 6.55319825
92000.00000000 6.55559041
92100.00000000 6.56447453
92200.00000000 6.57464888
92300.00000000 6.58681186
92400.00000000 6.58955799
92500.00000000 6.58384242
92600.00000000 6.58111622
92700.00000000 6.57558988
92800.00000000 6.57423785
92900.00000000 6.56883921
93000.00000000 6.56258333
93100.00000000 6.55614519
93200.00000000 6.55169346
93300.00000000 6.54642624
93400.00000000 6.54171142
93500.00000000 6.53539255
93600.00000000 6.53046284
93700.00000000 6.52785416
93800.00000000 6.52161035
93900.00000000 6.52216411
94000.00000000 6.52803398
94100.00000000 6.53185121
94200.00000000 6.53142272
94300.00000000 6.52531332
94400.00000000 6.51934716
94500.00000000 6.51390763
94600.00000000 6.50821333
94700.00000000 6.50403738
94800.00000000 6.50268182
94900.00000000 6.50039638
95000.00000000 6.49539688
95100.00000000 6.49250771
95200.00000000 6.49618642
95300.00000000 6.49205555
95400.00000000 6.48936851
95500.00000000 6.48558410
95600.00000000 6.48104640
95700.00000000 6.47557983
95800.00000000 6.47047825
95900.00000000 6.46579458
96000.00000000 6.46126145
96100.00000000 6.45572333
96200.00000000 6.46061044
96300.00000000 6.46205574
96400.00000000 6.45717623
96500.00000000 6.45661892
96600.00000000 6.45181654
96700.00000000 6.44648493
96800.00000000 6.44185369
96900.00000000 6.43698445
97000.00000000 6.43178479
97100.00000000 6.43053952
97200.00000000 6.42727573
97300.00000000 6.42491708
97400.00000000 6.42046582
97500.00000000 6.41532887
97600.00000000 6.41526306
97700.00000000 6.41739568
97800.00000000 6.41393445
97900.00000000 6.40869453
98000.00000000 6.40550983
98100.00000000 6.40744621
98200.00000000 6.40806005
98300.00000000 6.41031379
98400.00000000 6.40548374
98500.00000000 6.40306441
98600.00000000 6.40437105
98700.00000000 6.40000915
98800.00000000 6.39515784
98900.00000000 6.39619450
99000.00000000 6.39937364
99100.00000000 6.40326560
99200.00000000 6.40566792
99300.00000000 6.40280724
99400.00000000 6.39957791
99500.00000000 6.39542031
99600.00000000 6.39016429
99700.00000000 6.38513352
99800.00000000 6.38047585
99900.00000000 6.38585170
100000.00000000 6.39167847
