100.00000000 4.55607281
200.00000000 3.08855088
300.00000000 2.98783597
400.00000000 3.05224627
500.00000000 2.88473393
600.00000000 3.42014459
700.00000000 4.02151595
800.00000000 4.46431117
900.00000000 4.69598627
1000.00000000 4.85058408
1100.00000000 5.80901571
1200.00000000 6.18084748
1300.00000000 6.67506304
1400.00000000 6.96843720
1500.00000000 6.95711118
1600.00000000 7.10107103
1700.00000000 7.31717237
1800.00000000 7.77758965
1900.00000000 8.62054641
2000.00000000 9.11763961
2100.00000000 9.42097702
2200.00000000 9.76323528
2300.00000000 10.01580930
2400.00000000 10.49901098
2500.00000000 10.62027790
2600.00000000 10.75303151
2700.00000000 10.89359388
2800.00000000 11.02587384
2900.00000000 11.07053517
3000.00000000 10.93703478
3100.00000000 10.61553915
3200.00000000 10.45099608
3300.00000000 10.37664252
3400.00000000 10.19005968
3500.00000000 10.10383829
3600.00000000 10.02940081
3700.00000000 10.02547022
3800.00000000 9.89363172
3900.00000000 9.80162905
4000.00000000 9.59217760
4100.00000000 9.41596644
4200.00000000 9.22289428
4300.00000000 9.12193432
4400.00000000 8.93207996
4500.00000000 8.81162003
4600.00000000 8.73908425
4700.00000000 8.83940072
4800.00000000 8.92673197
4900.00000000 8.99308001
5000.00000000 9.00130906
5100.00000000 8.95361599
5200.00000000 9.01406316
5300.00000000 9.03982410
5400.00000000 8.93404751
5500.00000000 8.81468400
5600.00000000 8.67151896
5700.00000000 8.58199925
5800.00000000 8.55515249
5900.00000000 8.66188639
6000.00000000 8.79425781
6100.00000000 8.89119518
6200.00000000 8.96982597
6300.00000000 8.88781008
6400.00000000 8.76715597
6500.00000000 8.64438205
6600.00000000 8.54826886
6700.00000000 8.49106617
6800.00000000 8.43202515
6900.00000000 8.32478611
7000.00000000 8.23707911
7100.00000000 8.13158862
7200.00000000 8.06554955
7300.00000000 7.97142051
7400.00000000 7.89599229
7500.00000000 7.81273185
7600.00000000 7.73101287
7700.00000000 7.67755128
7800.00000000 7.66987886
7900.00000000 7.65484384
8000.00000000 7.60315800
8100.00000000 7.60123399
8200.00000000 7.64191951
8300.00000000 7.80157848
8400.00000000 7.90588868
8500.00000000 7.99761605
8600.00000000 8.02686682
8700.00000000 8.02789356
8800.00000000 7.97320872
8900.00000000 7.96169152
9000.00000000 7.89029375
9100.00000000 7.80944424
9200.00000000 7.75648966
9300.00000000 7.79391588
9400.00000000 7.91382430
9500.00000000 7.98925583
9600.00000000 8.04193111
9700.00000000 8.03118199
9800.00000000 8.08562666
9900.00000000 8.20204448
10000.00000000 8.26106112
10100.00000000 8.30933424
10200.00000000 8.33292960
10300.00000000 8.27283680
10400.00000000 8.20958218
10500.00000000 8.15764434
10600.00000000 8.09331108
10700.00000000 8.02774731
10800.00000000 7.96411872
10900.00000000 7.91459545
11000.00000000 7.97738789
11100.00000000 8.01641109
11200.00000000 8.05259003
11300.00000000 8.06192499
11400.00000000 8.01863364
11500.00000000 7.99358782
11600.00000000 7.95922218
11700.00000000 7.90090724
11800.00000000 7.88016434
11900.00000000 7.96512329
12000.00000000 8.01356606
12100.00000000 8.02775066
12200.00000000 8.04696622
12300.00000000 7.99917070
12400.00000000 7.94533046
12500.00000000 7.89219579
12600.00000000 7.87579131
12700.00000000 7.93024270
12800.00000000 8.00782844
12900.00000000 8.13357059
13000.00000000 8.33717867
13100.00000000 8.56094692
13200.00000000 8.70985607
13300.00000000 8.84620890
13400.00000000 8.99332891
13500.00000000 9.18492236
13600.00000000 9.37560376
13700.00000000 9.57332165
13800.00000000 9.81072556
13900.00000000 10.04978941
14000.00000000 10.27076607
14100.00000000 10.50899693
14200.00000000 10.74962629
14300.00000000 10.92331577
14400.00000000 11.02243830
14500.00000000 11.11348654
14600.00000000 11.24125223
14700.00000000 11.33503277
14800.00000000 11.40998706
14900.00000000 11.48537239
15000.00000000 11.48713094
15100.00000000 11.43518504
15200.00000000 11.44676463
15300.00000000 11.49398377
15400.00000000 11.47137807
15500.00000000 11.44933300
15600.00000000 11.38705368
15700.00000000 11.32470413
15800.00000000 11.26786953
15900.00000000 11.23699920
16000.00000000 11.20005747
16100.00000000 11.17535536
16200.00000000 11.15308418
16300.00000000 11.15156038
16400.00000000 11.15527034
16500.00000000 11.20024851
16600.00000000 11.23761591
16700.00000000 11.29174477
16800.00000000 11.35811594
16900.00000000 11.43863028
17000.00000000 11.47329014
17100.00000000 11.47277012
17200.00000000 11.46644267
17300.00000000 11.47101369
17400.00000000 11.45345916
17500.00000000 11.47761857
17600.00000000 11.54079198
17700.00000000 11.60544210
17800.00000000 11.63588536
17900.00000000 11.65003626
18000.00000000 11.63872633
18100.00000000 11.62581906
18200.00000000 11.57058817
18300.00000000 11.53327331
18400.00000000 11.49211359
18500.00000000 11.43881419
18600.00000000 11.39752990
18700.00000000 11.34350885
18800.00000000 11.29404157
18900.00000000 11.24619310
19000.00000000 11.19765400
19100.00000000 11.17253967
19200.00000000 11.12526527
19300.00000000 11.09006927
19400.00000000 11.05076363
19500.00000000 11.00829867
19600.00000000 10.98626527
19700.00000000 10.97149999
19800.00000000 10.94296656
19900.00000000 10.89340196
20000.00000000 10.84686580
20100.00000000 10.83393334
20200.00000000 10.85308977
20300.00000000 10.85798658
20400.00000000 10.84430415
20500.00000000 10.80802401
20600.00000000 10.77393221
20700.00000000 10.73367563
20800.00000000 10.68722503
20900.00000000 10.65224260
21000.00000000 10.61489973
21100.00000000 10.57458270
21200.00000000 10.53129960
21300.00000000 10.48613520
21400.00000000 10.44723877
21500.00000000 10.40413844
21600.00000000 10.36215823
21700.00000000 10.33399962
21800.00000000 10.30002337
21900.00000000 10.25940464
22000.00000000 10.23862687
22100.00000000 10.20856669
22200.00000000 10.16880533
22300.00000000 10.13761040
22400.00000000 10.15595881
22500.00000000 10.20961020
22600.00000000 10.24887619
22700.00000000 10.30114752
22800.00000000 10.34280138
22900.00000000 10.37538106
23000.00000000 10.40469414
23100.00000000 10.42373225
23200.00000000 10.42466006
23300.00000000 10.43030317
23400.00000000 10.45984582
23500.00000000 10.43283245
23600.00000000 10.40011509
23700.00000000 10.36155057
23800.00000000 10.32254157
23900.00000000 10.30665793
24000.00000000 10.29111792
24100.00000000 10.27546863
24200.00000000 10.28456379
24300.00000000 10.26332909
24400.00000000 10.22549340
24500.00000000 10.20146640
24600.00000000 10.19856176
24700.00000000 10.20845362
24800.00000000 10.17927528
24900.00000000 10.14338969
25000.00000000 10.12487739
25100.00000000 10.14572964
25200.00000000 10.19029499
25300.00000000 10.25852007
25400.00000000 10.33070160
25500.00000000 10.38733719
25600.00000000 10.40176651
25700.00000000 10.37376245
25800.00000000 10.33902081
25900.00000000 10.30399529
26000.00000000 10.29582534
26100.00000000 10.29167036
26200.00000000 10.25440547
26300.00000000 10.22490369
26400.00000000 10.19892464
26500.00000000 10.17333297
26600.00000000 10.16924570
26700.00000000 10.17300451
26800.00000000 10.13967373
26900.00000000 10.11747492
27000.00000000 10.08482406
27100.00000000 10.05819328
27200.00000000 10.02587331
27300.00000000 10.00709299
27400.00000000 9.97970979
27500.00000000 9.96236835
27600.00000000 9.95906371
27700.00000000 9.93147042
27800.00000000 9.90730432
27900.00000000 9.90777976
28000.00000000 9.89444753
28100.00000000 9.88131178
28200.00000000 9.84972726
28300.00000000 9.82544943
28400.00000000 9.82976150
28500.00000000 9.85156553
28600.00000000 9.86504420
28700.00000000 9.86566577
28800.00000000 9.85221732
28900.00000000 9.82950307
29000.00000000 9.80860095
29100.00000000 9.78586072
29200.00000000 9.76628475
29300.00000000 9.74773062
29400.00000000 9.73319865
29500.00000000 9.74396738
29600.00000000 9.75406371
29700.00000000 9.75044022
29800.00000000 9.73230984
29900.00000000 9.70598407
30000.00000000 9.68571258
30100.00000000 9.67911802
30200.00000000 9.65754855
30300.00000000 9.65234654
30400.00000000 9.65092123
30500.00000000 9.65813744
30600.00000000 9.66470270
30700.00000000 9.65969119
30800.00000000 9.63305478
30900.00000000 9.60857183
31000.00000000 9.58930664
31100.00000000 9.56574071
31200.00000000 9.54102006
31300.00000000 9.54291171
31400.00000000 9.55829005
31500.00000000 9.54838682
31600.00000000 9.53070100
31700.00000000 9.52320980
31800.00000000 9.51472300
31900.00000000 9.50425956
32000.00000000 9.50428897
32100.00000000 9.48589426
32200.00000000 9.47493267
32300.00000000 9.44698614
32400.00000000 9.43011606
32500.00000000 9.41884807
32600.00000000 9.40335027
32700.00000000 9.37654463
32800.00000000 9.35684998
32900.00000000 9.33232450
33000.00000000 9.31452252
33100.00000000 9.32001147
33200.00000000 9.34622234
33300.00000000 9.34533146
33400.00000000 9.35388161
33500.00000000 9.34094786
33600.00000000 9.31838410
33700.00000000 9.30149262
33800.00000000 9.28884698
33900.00000000 9.27044456
34000.00000000 9.26163505
34100.00000000 9.24936700
34200.00000000 9.22652521
34300.00000000 9.20601251
34400.00000000 9.21863796
34500.00000000 9.26671235
34600.00000000 9.30635412
34700.00000000 9.33546623
34800.00000000 9.35526944
34900.00000000 9.39598281
35000.00000000 9.44374930
35100.00000000 9.48076894
35200.00000000 9.49720869
35300.00000000 9.48504319
35400.00000000 9.47191898
35500.00000000 9.46957099
35600.00000000 9.46077186
35700.00000000 9.43692086
35800.00000000 9.41301121
35900.00000000 9.39495741
36000.00000000 9.37042891
36100.00000000 9.35557165
36200.00000000 9.33954195
36300.00000000 9.32838085
36400.00000000 9.30589686
36500.00000000 9.29040233
36600.00000000 9.28370600
36700.00000000 9.26602891
36800.00000000 9.24992484
36900.00000000 9.24876491
37000.00000000 9.24230611
37100.00000000 9.23705689
37200.00000000 9.22909482
37300.00000000 9.21203886
37400.00000000 9.19703132
37500.00000000 9.19018146
37600.00000000 9.16789937
37700.00000000 9.15146972
37800.00000000 9.13921474
37900.00000000 9.12360022
38000.00000000 9.10527788
38100.00000000 9.12185046
38200.00000000 9.12530085
38300.00000000 9.12984222
38400.00000000 9.14083090
38500.00000000 9.15125034
38600.00000000 9.18096817
38700.00000000 9.21391420
38800.00000000 9.25093363
38900.00000000 9.28633463
39000.00000000 9.31040590
39100.00000000 9.34062109
39200.00000000 9.35695122
39300.00000000 9.35241096
39400.00000000 9.33252873
39500.00000000 9.31432388
39600.00000000 9.30294242
39700.00000000 9.28543135
39800.00000000 9.26799766
39900.00000000 9.26488515
40000.00000000 9.26167992
40100.00000000 9.24309838
40200.00000000 9.23998655
40300.00000000 9.22257584
40400.00000000 9.21157349
40500.00000000 9.20731877
40600.00000000 9.20954519
40700.00000000 9.24529089
40800.00000000 9.27516178
40900.00000000 9.30824119
41000.00000000 9.32962174
41100.00000000 9.36409313
41200.00000000 9.39486540
41300.00000000 9.42348151
41400.00000000 9.44946253
41500.00000000 9.46104823
41600.00000000 9.44963016
41700.00000000 9.43731193
41800.00000000 9.45418305
41900.00000000 9.47193445
42000.00000000 9.48188507
42100.00000000 9.48660137
42200.00000000 9.50563110
42300.00000000 9.53759203
42400.00000000 9.56258207
42500.00000000 9.57893093
42600.00000000 9.58662332
42700.00000000 9.59428982
42800.00000000 9.58225299
42900.00000000 9.56445692
43000.00000000 9.54623341
43100.00000000 9.52741339
43200.00000000 9.50821270
43300.00000000 9.49646965
43400.00000000 9.47875251
43500.00000000 9.46004713
43600.00000000 9.44146795
43700.00000000 9.42275692
43800.00000000 9.41265743
43900.00000000 9.39684354
44000.00000000 9.39280648
44100.00000000 9.40391871
44200.00000000 9.42623554
44300.00000000 9.46208946
44400.00000000 9.48085344
44500.00000000 9.47804161
44600.00000000 9.46673937
44700.00000000 9.45215685
44800.00000000 9.43716696
44900.00000000 9.42996867
45000.00000000 9.41064520
45100.00000000 9.39554478
45200.00000000 9.38436208
45300.00000000 9.37164442
45400.00000000 9.35784000
45500.00000000 9.34179115
45600.00000000 9.32979485
45700.00000000 9.31758356
45800.00000000 9.30006497
45900.00000000 9.28220714
46000.00000000 9.26845325
46100.00000000 9.25392547
46200.00000000 9.23894321
46300.00000000 9.22051997
46400.00000000 9.20350043
46500.00000000 9.18535010
46600.00000000 9.17188216
46700.00000000 9.15479170
46800.00000000 9.13890874
46900.00000000 9.12649053
47000.00000000 9.11742414
47100.00000000 9.11178661
47200.00000000 9.09419689
47300.00000000 9.07901191
47400.00000000 9.07615817
47500.00000000 9.08118072
47600.00000000 9.09404868
47700.00000000 9.10252217
47800.00000000 9.11098854
47900.00000000 9.11931362
48000.00000000 9.10907688
48100.00000000 9.09799435
48200.00000000 9.08309837
48300.00000000 9.06960193
48400.00000000 9.05605902
48500.00000000 9.05029770
48600.00000000 9.03734158
48700.00000000 9.02861057
48800.00000000 9.01691504
48900.00000000 9.00451439
49000.00000000 9.00669309
49100.00000000 9.01342186
49200.00000000 9.01869987
49300.00000000 9.00963470
49400.00000000 9.00039520
49500.00000000 8.99952892
49600.00000000 8.98428233
49700.00000000 8.97207481
49800.00000000 8.95559017
49900.00000000 8.94633345
50000.00000000 8.93036542
50100.00000000 8.91664712
50200.00000000 8.90401424
50300.00000000 8.89684698
50400.00000000 8.89371692
50500.00000000 8.90955008
50600.00000000 8.94562297
50700.00000000 8.98182201
50800.00000000 9.01864648
50900.00000000 9.04654255
51000.00000000 9.06379451
51100.00000000 9.07937894
51200.00000000 9.09583340
51300.00000000 9.09751801
51400.00000000 9.08299495
51500.00000000 9.06839688
51600.00000000 9.05591082
51700.00000000 9.04402556
51800.00000000 9.03219654
51900.00000000 9.02375717
52000.00000000 9.02925760
52100.00000000 9.03477312
52200.00000000 9.04136585
52300.00000000 9.02822693
52400.00000000 9.01352588
52500.00000000 9.00252115
52600.00000000 8.98701189
52700.00000000 8.97171286
52800.00000000 8.96602836
52900.00000000 8.96421999
53000.00000000 8.95627879
53100.00000000 8.94429889
53200.00000000 8.93112740
53300.00000000 8.91724623
53400.00000000 8.91786710
53500.00000000 8.93497852
53600.00000000 8.94592720
53700.00000000 8.94721863
53800.00000000 8.93881854
53900.00000000 8.92566430
54000.00000000 8.91038199
54100.00000000 8.89880123
54200.00000000 8.88521172
54300.00000000 8.87230822
54400.00000000 8.85989847
54500.00000000 8.84670665
54600.00000000 8.83364291
54700.00000000 8.83099557
54800.00000000 8.81918188
54900.00000000 8.80468915
55000.00000000 8.79027952
55100.00000000 8.77743766
55200.00000000 8.77646849
55300.00000000 8.76492131
55400.00000000 8.75388996
55500.00000000 8.74095524
55600.00000000 8.72691470
55700.00000000 8.71321448
55800.00000000 8.70397224
55900.00000000 8.70868569
56000.00000000 8.72723376
56100.00000000 8.72528834
56200.00000000 8.71705941
56300.00000000 8.70350889
56400.00000000 8.69008795
56500.00000000 8.67822947
56600.00000000 8.66800318
56700.00000000 8.66114455
56800.00000000 8.65172158
56900.00000000 8.64435486
57000.00000000 8.63931824
57100.00000000 8.62515231
57200.00000000 8.61268578
57300.00000000 8.60298495
57400.00000000 8.59733944
57500.00000000 8.60022016
57600.00000000 8.60369125
57700.00000000 8.60551303
57800.00000000 8.60346804
57900.00000000 8.59548989
58000.00000000 8.58281093
58100.00000000 8.58050444
58200.00000000 8.57663547
58300.00000000 8.56356116
58400.00000000 8.55854735
58500.00000000 8.56125140
58600.00000000 8.57095421
58700.00000000 8.57067101
58800.00000000 8.56875658
58900.00000000 8.56708561
59000.00000000 8.55737021
59100.00000000 8.54548171
59200.00000000 8.53815554
59300.00000000 8.54679996
59400.00000000 8.57723541
59500.00000000 8.61725448
59600.00000000 8.66141811
59700.00000000 8.70428406
59800.00000000 8.73999276
59900.00000000 8.76482842
60000.00000000 8.77881727
60100.00000000 8.80312841
60200.00000000 8.82543749
60300.00000000 8.83416186
60400.00000000 8.83027598
60500.00000000 8.84269882
60600.00000000 8.87087423
60700.00000000 8.88864948
60800.00000000 8.91529992
60900.00000000 8.94190197
61000.00000000 8.97807482
61100.00000000 9.01533728
61200.00000000 9.03986515
61300.00000000 9.06050438
61400.00000000 9.08915269
61500.00000000 9.11428859
61600.00000000 9.13939037
61700.00000000 9.16028227
61800.00000000 9.18303617
61900.00000000 9.20094124
62000.00000000 9.20589863
62100.00000000 9.21343228
62200.00000000 9.22037006
62300.00000000 9.21337026
62400.00000000 9.20083233
62500.00000000 9.18938521
62600.00000000 9.17941092
62700.00000000 9.17449599
62800.00000000 9.16880398
62900.00000000 9.16968427
63000.00000000 9.16121193
63100.00000000 9.15729861
63200.00000000 9.14713199
63300.00000000 9.14345015
63400.00000000 9.13912490
63500.00000000 9.12610388
63600.00000000 9.11545017
63700.00000000 9.10397905
63800.00000000 9.09316199
63900.00000000 9.08298671
64000.00000000 9.07394682
64100.00000000 9.06540313
64200.00000000 9.05340074
64300.00000000 9.04306477
64400.00000000 9.03434326
64500.00000000 9.02558764
64600.00000000 9.01987181
64700.00000000 9.02545253
64800.00000000 9.02702365
64900.00000000 9.01575099
65000.00000000 9.00421465
65100.00000000 8.99189528
65200.00000000 8.98016507
65300.00000000 8.96957287
65400.00000000 8.96621692
65500.00000000 8.97161002
65600.00000000 8.97935011
65700.00000000 8.98056239
65800.00000000 8.97042648
65900.00000000 8.96172130
66000.00000000 8.95003050
66100.00000000 8.94192238
66200.00000000 8.93797620
66300.00000000 8.93674292
66400.00000000 8.93918972
66500.00000000 8.93645584
66600.00000000 8.92811142
66700.00000000 8.92204871
66800.00000000 8.91620427
66900.00000000 8.91184086
67000.00000000 8.90275053
67100.00000000 8.90167135
67200.00000000 8.90094355
67300.00000000 8.89438847
67400.00000000 8.89098436
67500.00000000 8.89587910
67600.00000000 8.89569920
67700.00000000 8.90012203
67800.00000000 8.91053138
67900.00000000 8.91935546
68000.00000000 8.92440116
68100.00000000 8.93437671
68200.00000000 8.95551807
68300.00000000 8.97614604
68400.00000000 8.99348196
68500.00000000 9.00662041
68600.00000000 9.00094677
68700.00000000 8.99534945
68800.00000000 8.98790615
68900.00000000 8.97845321
69000.00000000 8.97202788
69100.00000000 8.97645668
69200.00000000 8.97988328
69300.00000000 8.98128323
69400.00000000 8.97664018
69500.00000000 8.96549682
69600.00000000 8.95831156
69700.00000000 8.94670345
69800.00000000 8.94432999
69900.00000000 8.94571655
70000.00000000 8.94053606
70100.00000000 8.93538225
70200.00000000 8.92472509
70300.00000000 8.91317624
70400.00000000 8.90310113
70500.00000000 8.89549396
70600.00000000 8.88490862
70700.00000000 8.88348386
70800.00000000 8.88829996
70900.00000000 8.89393754
71000.00000000 8.88640432
71100.00000000 8.87673992
71200.00000000 8.87174000
71300.00000000 8.86207519
71400.00000000 8.85386773
71500.00000000 8.84678165
71600.00000000 8.83685282
71700.00000000 8.82991837
71800.00000000 8.82368051
71900.00000000 8.81633956
72000.00000000 8.80952290
72100.00000000 8.79911610
72200.00000000 8.78901431
72300.00000000 8.78158529
72400.00000000 8.78501998
72500.00000000 8.79232097
72600.00000000 8.80377092
72700.00000000 8.81135036
72800.00000000 8.80517774
72900.00000000 8.79380972
73000.00000000 8.78234966
73100.00000000 8.77392210
73200.00000000 8.77567292
73300.00000000 8.78559968
73400.00000000 8.79804886
73500.00000000 8.80944804
73600.00000000 8.81576187
73700.00000000 8.81510498
73800.00000000 8.81339064
73900.00000000 8.80492697
74000.00000000 8.79836699
74100.00000000 8.78840423
74200.00000000 8.77868796
74300.00000000 8.76956378
74400.00000000 8.75994721
74500.00000000 8.75266870
74600.00000000 8.74986136
74700.00000000 8.73933014
74800.00000000 8.73404405
74900.00000000 8.73879061
75000.00000000 8.74515997
75100.00000000 8.75444676
75200.00000000 8.75612002
75300.00000000 8.75805087
75400.00000000 8.77411410
75500.00000000 8.78954200
75600.00000000 8.80108069
75700.00000000 8.80607969
75800.00000000 8.82090940
75900.00000000 8.83426346
76000.00000000 8.84370562
76100.00000000 8.85327172
76200.00000000 8.85848336
76300.00000000 8.87069264
76400.00000000 8.87940074
76500.00000000 8.87982000
76600.00000000 8.88229865
76700.00000000 8.88063930
76800.00000000 8.87859489
76900.00000000 8.88265354
77000.00000000 8.87598469
77100.00000000 8.86690171
77200.00000000 8.85828220
77300.00000000 8.84866722
77400.00000000 8.84242583
77500.00000000 8.83776533
77600.00000000 8.84220280
77700.00000000 8.85727614
77800.00000000 8.86685483
77900.00000000 8.87145449
78000.00000000 8.88191827
78100.00000000 8.89978623
78200.00000000 8.91782259
78300.00000000 8.92310805
78400.00000000 8.91449984
78500.00000000 8.91264913
78600.00000000 8.92284316
78700.00000000 8.93188224
78800.00000000 8.92857305
78900.00000000 8.92642551
79000.00000000 8.91757325
79100.00000000 8.91466550
79200.00000000 8.92047832
79300.00000000 8.92816704
79400.00000000 8.94086528
79500.00000000 8.94524811
79600.00000000 8.93858694
79700.00000000 8.93361974
79800.00000000 8.93522071
79900.00000000 8.93404817
80000.00000000 8.93874990
80100.00000000 8.94091802
80200.00000000 8.93377176
80300.00000000 8.93724219
80400.00000000 8.92767454
80500.00000000 8.91831647
80600.00000000 8.91234231
80700.00000000 8.90605987
80800.00000000 8.90128580
80900.00000000 8.89295146
81000.00000000 8.88723369
81100.00000000 8.88066981
81200.00000000 8.87179460
81300.00000000 8.86514925
81400.00000000 8.85572777
81500.00000000 8.84802730
81600.00000000 8.83954565
81700.00000000 8.83233572
81800.00000000 8.82264344
81900.00000000 8.81481977
82000.00000000 8.80744538
82100.00000000 8.81360031
82200.00000000 8.82299800
82300.00000000 8.83366240
82400.00000000 8.84507944
82500.00000000 8.84002998
82600.00000000 8.83238336
82700.00000000 8.82318555
82800.00000000 8.81488121
82900.00000000 8.80642471
83000.00000000 8.79728587
83100.00000000 8.78919611
83200.00000000 8.78010386
83300.00000000 8.77694868
83400.00000000 8.77254990
83500.00000000 8.76432807
83600.00000000 8.75475454
83700.00000000 8.74693488
83800.00000000 8.73864323
83900.00000000 8.73077489
84000.00000000 8.72138490
84100.00000000 8.71296962
84200.00000000 8.70345905
84300.00000000 8.69482757
84400.00000000 8.68534502
84500.00000000 8.67796741
84600.00000000 8.68660068
84700.00000000 8.69336147
84800.00000000 8.68828336
84900.00000000 8.68034096
85000.00000000 8.67150854
85100.00000000 8.66844855
85200.00000000 8.67284144
85300.00000000 8.67778649
85400.00000000 8.68659916
85500.00000000 8.69327923
85600.00000000 8.69313764
85700.00000000 8.68614225
85800.00000000 8.68155319
85900.00000000 8.67257270
86000.00000000 8.66420282
86100.00000000 8.66112748
86200.00000000 8.65506576
86300.00000000 8.64606374
86400.00000000 8.63964321
86500.00000000 8.63276833
86600.00000000 8.62796585
86700.00000000 8.61847472
86800.00000000 8.61643423
86900.00000000 8.61846301
87000.00000000 8.61495772
87100.00000000 8.60703009
87200.00000000 8.60082108
87300.00000000 8.59212916
87400.00000000 8.58380081
87500.00000000 8.57867053
87600.00000000 8.58125986
87700.00000000 8.58982563
87800.00000000 8.59353121
87900.00000000 8.59313255
88000.00000000 8.59981715
88100.00000000 8.60191321
88200.00000000 8.59496338
88300.00000000 8.59140915
88400.00000000 8.58737980
88500.00000000 8.58505698
88600.00000000 8.58712082
88700.00000000 8.58552223
88800.00000000 8.57645433
88900.00000000 8.56830988
89000.00000000 8.56081917
89100.00000000 8.55577219
89200.00000000 8.55160958
89300.00000000 8.55052822
89400.00000000 8.54619129
89500.00000000 8.53870721
89600.00000000 8.53388194
89700.00000000 8.52846068
89800.00000000 8.53154055
89900.00000000 8.52949859
90000.00000000 8.53320616
90100.00000000 8.53925522
90200.00000000 8.54942039
90300.00000000 8.55760512
90400.00000000 8.55568711
90500.00000000 8.54843964
90600.00000000 8.54073281
90700.00000000 8.53395085
90800.00000000 8.52568489
90900.00000000 8.51709663
91000.00000000 8.50927990
91100.00000000 8.50086984
91200.00000000 8.49628344
91300.00000000 8.49517489
91400.00000000 8.49374502
91500.00000000 8.49553960
91600.00000000 8.50416285
91700.00000000 8.51690636
91800.00000000 8.52895044
91900.00000000 8.53558929
92000.00000000 8.52892440
92100.00000000 8.52422044
92200.00000000 8.52368782
92300.00000000 8.51987218
92400.00000000 8.52154322
92500.00000000 8.52824999
92600.00000000 8.53451201
92700.00000000 8.53394646
92800.00000000 8.52820504
92900.00000000 8.52460714
93000.00000000 8.52862300
93100.00000000 8.52891387
93200.00000000 8.53109891
93300.00000000 8.52383259
93400.00000000 8.52459928
93500.00000000 8.53013270
93600.00000000 8.53682595
93700.00000000 8.54401896
93800.00000000 8.55261868
93900.00000000 8.55863344
94000.00000000 8.55753103
94100.00000000 8.55169790
94200.00000000 8.54733820
94300.00000000 8.54211336
94400.00000000 8.53595605
94500.00000000 8.53186383
94600.00000000 8.52671838
94700.00000000 8.52497945
94800.00000000 8.53117803
94900.00000000 8.53875401
95000.00000000 8.54709572
95100.00000000 8.55358701
95200.00000000 8.56341632
95300.00000000 8.57088360
95400.00000000 8.57535601
95500.00000000 8.57466058
95600.00000000 8.56928272
95700.00000000 8.56793297
95800.00000000 8.56149578
95900.00000000 8.55870625
96000.00000000 8.55174784
96100.00000000 8.54633018
96200.00000000 8.54022826
96300.00000000 8.53371571
96400.00000000 8.52634835
96500.00000000 8.52005968
96600.00000000 8.51269759
96700.00000000 8.51278936
96800.00000000 8.50762179
96900.00000000 8.50115333
97000.00000000 8.50650516
97100.00000000 8.50910761
97200.00000000 8.51072770
97300.00000000 8.50697711
97400.00000000 8.50823549
97500.00000000 8.50326787
97600.00000000 8.49659495
97700.00000000 8.49760148
97800.00000000 8.49582994
97900.00000000 8.50096775
98000.00000000 8.49947372
98100.00000000 8.49438147
98200.00000000 8.48671739
98300.00000000 8.47988709
98400.00000000 8.47671217
98500.00000000 8.47332893
98600.00000000 8.46683206
98700.00000000 8.45882892
98800.00000000 8.45796799
98900.00000000 8.46463694
99000.00000000 8.46943082
99100.00000000 8.47384433
99200.00000000 8.47208415
99300.00000000 8.46594417
99400.00000000 8.45858511
99500.00000000 8.45269485
99600.00000000 8.44606812
99700.00000000 8.43991319
99800.00000000 8.43336447
99900.00000000 8.42866891
100000.00000000 8.42258075
