100.00000000 3.00134675
200.00000000 2.98567561
300.00000000 2.76083671
400.00000000 3.05195040
500.00000000 3.28191632
600.00000000 3.48304768
700.00000000 4.24343094
800.00000000 4.39974835
900.00000000 4.11690483
1000.00000000 3.87398545
1100.00000000 3.86231337
1200.00000000 3.75768158
1300.00000000 4.13403542
1400.00000000 5.20855607
1500.00000000 6.28803429
1600.00000000 6.88250008
1700.00000000 7.67314008
1800.00000000 8.52622463
1900.00000000 9.53954346
2000.00000000 10.66281351
2100.00000000 11.54021294
2200.00000000 12.29807312
2300.00000000 12.68019758
2400.00000000 13.19722860
2500.00000000 13.84740228
2600.00000000 14.89725633
2700.00000000 15.68524841
2800.00000000 16.29916057
2900.00000000 16.97249358
3000.00000000 17.46288944
3100.00000000 17.94661802
3200.00000000 18.15663428
3300.00000000 18.35844750
3400.00000000 18.41584258
3500.00000000 18.56712515
3600.00000000 18.57417249
3700.00000000 18.60337312
3800.00000000 18.77960665
3900.00000000 18.72388088
4000.00000000 18.80292957
4100.00000000 18.92251288
4200.00000000 18.96931237
4300.00000000 19.09009405
4400.00000000 19.07683517
4500.00000000 19.06109553
4600.00000000 19.11159127
4700.00000000 18.97726916
4800.00000000 18.78705147
4900.00000000 18.53729922
5000.00000000 18.27426925
5100.00000000 18.08925233
5200.00000000 18.00827947
5300.00000000 18.01690854
5400.00000000 17.96925937
5500.00000000 17.78920144
5600.00000000 17.53500910
5700.00000000 17.42011739
5800.00000000 17.32259171
5900.00000000 17.23854677
6000.00000000 17.11452472
6100.00000000 17.00825107
6200.00000000 17.02804986
6300.00000000 17.30712498
6400.00000000 17.55287280
6500.00000000 17.72597085
6600.00000000 17.99064671
6700.00000000 18.28896822
6800.00000000 18.57725200
6900.00000000 18.78673091
7000.00000000 18.98908006
7100.00000000 19.25487786
7200.00000000 19.45323615
7300.00000000 19.59070242
7400.00000000 19.60115388
7500.00000000 19.42830944
7600.00000000 19.21601117
7700.00000000 19.04142911
7800.00000000 18.95640796
7900.00000000 18.90411109
8000.00000000 18.80097422
8100.00000000 18.62487286
8200.00000000 18.63636771
8300.00000000 18.78030969
8400.00000000 19.00360543
8500.00000000 19.15270005
8600.00000000 19.28542851
8700.00000000 19.28220158
8800.00000000 19.20406710
8900.00000000 19.04346056
9000.00000000 18.85876278
9100.00000000 18.69790227
9200.00000000 18.61579391
9300.00000000 18.54053952
9400.00000000 18.54212354
9500.00000000 18.49521759
9600.00000000 18.43153697
9700.00000000 18.34350511
9800.00000000 18.34700755
9900.00000000 18.36340696
10000.00000000 18.29873820
10100.00000000 18.27233225
10200.00000000 18.19317249
10300.00000000 18.05487488
10400.00000000 17.89265547
10500.00000000 17.74590919
10600.00000000 17.66187947
10700.00000000 17.55363492
10800.00000000 17.44871113
10900.00000000 17.31618855
11000.00000000 17.19176744
11100.00000000 17.05331915
11200.00000000 16.93189142
11300.00000000 16.82061755
11400.00000000 16.69190044
11500.00000000 16.59654739
11600.00000000 16.49550483
11700.00000000 16.36336134
11800.00000000 16.24783654
11900.00000000 16.13082970
12000.00000000 16.03318283
12100.00000000 15.97488392
12200.00000000 15.87709730
12300.00000000 15.75546033
12400.00000000 15.66308028
12500.00000000 15.55933656
12600.00000000 15.44692219
12700.00000000 15.35606345
12800.00000000 15.30510247
12900.00000000 15.27413723
13000.00000000 15.19641617
13100.00000000 15.10081233
13200.00000000 15.00846149
13300.00000000 14.90593081
13400.00000000 14.79972765
13500.00000000 14.70511232
13600.00000000 14.61043964
13700.00000000 14.54697617
13800.00000000 14.50499953
13900.00000000 14.45414255
14000.00000000 14.42804142
14100.00000000 14.43084993
14200.00000000 14.45590858
14300.00000000 14.48806038
14400.00000000 14.55701838
14500.00000000 14.65290096
14600.00000000 14.78739396
14700.00000000 14.93629028
14800.00000000 15.05008382
14900.00000000 15.10910957
15000.00000000 15.16573984
15100.00000000 15.20872831
15200.00000000 15.23005866
15300.00000000 15.24896896
15400.00000000 15.26473786
15500.00000000 15.26572201
15600.00000000 15.28489676
15700.00000000 15.26956050
15800.00000000 15.27973894
15900.00000000 15.21165154
16000.00000000 15.14620145
16100.00000000 15.09821441
16200.00000000 15.05670519
16300.00000000 15.05051973
16400.00000000 15.01690715
16500.00000000 14.98319818
16600.00000000 14.97860670
16700.00000000 14.98206366
16800.00000000 15.03389754
16900.00000000 15.13824291
17000.00000000 15.26502189
17100.00000000 15.40797411
17200.00000000 15.53209410
17300.00000000 15.68717163
17400.00000000 15.91152384
17500.00000000 16.13791129
17600.00000000 16.40482587
17700.00000000 16.66450982
17800.00000000 16.91105777
17900.00000000 17.15970116
18000.00000000 17.41181702
18100.00000000 17.64792743
18200.00000000 17.90066179
18300.00000000 18.18071065
18400.00000000 18.51745428
18500.00000000 18.83526247
18600.00000000 19.14382636
18700.00000000 19.39107016
18800.00000000 19.60517379
18900.00000000 19.80773419
19000.00000000 20.01680064
19100.00000000 20.22687566
19200.00000000 20.41800449
19300.00000000 20.61701835
19400.00000000 20.77513896
19500.00000000 20.91418295
19600.00000000 21.06200249
19700.00000000 21.18933062
19800.00000000 21.27628245
19900.00000000 21.35154960
20000.00000000 21.45629969
20100.00000000 21.55818424
20200.00000000 21.63474173
20300.00000000 21.72031405
20400.00000000 21.77289940
20500.00000000 21.76566425
20600.00000000 21.76747623
20700.00000000 21.76871455
20800.00000000 21.78627455
20900.00000000 21.76789884
21000.00000000 21.72024975
21100.00000000 21.68839848
21200.00000000 21.69665573
21300.00000000 21.65526327
21400.00000000 21.58585113
21500.00000000 21.51242224
21600.00000000 21.42276320
21700.00000000 21.33534091
21800.00000000 21.27453671
21900.00000000 21.21502637
22000.00000000 21.15753964
22100.00000000 21.11896453
22200.00000000 21.06860753
22300.00000000 20.98451610
22400.00000000 20.90661169
22500.00000000 20.85195644
22600.00000000 20.81029989
22700.00000000 20.78855677
22800.00000000 20.77982687
22900.00000000 20.79528228
23000.00000000 20.81895413
23100.00000000 20.81191257
23200.00000000 20.78059082
23300.00000000 20.76020618
23400.00000000 20.75032207
23500.00000000 20.74161441
23600.00000000 20.70228321
23700.00000000 20.64232733
23800.00000000 20.56358043
23900.00000000 20.48897491
24000.00000000 20.42552083
24100.00000000 20.38802278
24200.00000000 20.32371765
24300.00000000 20.26606679
24400.00000000 20.20617981
24500.00000000 20.14521395
24600.00000000 20.07428794
24700.00000000 20.00526624
24800.00000000 19.94572925
24900.00000000 19.90701360
25000.00000000 19.89445916
25100.00000000 19.86239510
25200.00000000 19.82331059
25300.00000000 19.78287218
25400.00000000 19.73602922
25500.00000000 19.67436201
25600.00000000 19.62316830
25700.00000000 19.55702242
25800.00000000 19.48621173
25900.00000000 19.44391126
26000.00000000 19.39117276
26100.00000000 19.36750684
26200.00000000 19.33970649
26300.00000000 19.29245560
26400.00000000 19.25108974
26500.00000000 19.21959619
26600.00000000 19.17933169
26700.00000000 19.13085809
26800.00000000 19.07644593
26900.00000000 19.02866110
27000.00000000 18.96883534
27100.00000000 18.91194867
27200.00000000 18.84682686
27300.00000000 18.78844394
27400.00000000 18.75561636
27500.00000000 18.73320418
27600.00000000 18.69746999
27700.00000000 18.66565800
27800.00000000 18.65616216
27900.00000000 18.62942614
28000.00000000 18.57670578
28100.00000000 18.52572250
28200.00000000 18.48704250
28300.00000000 18.46932285
28400.00000000 18.41425011
28500.00000000 18.35649685
28600.00000000 18.30612615
28700.00000000 18.24925153
28800.00000000 18.20528846
28900.00000000 18.18451150
29000.00000000 18.15262192
29100.00000000 18.11285002
29200.00000000 18.06005346
29300.00000000 18.00327979
29400.00000000 17.95558612
29500.00000000 17.91107160
29600.00000000 17.85681783
29700.00000000 17.80284110
29800.00000000 17.74801304
29900.00000000 17.72535788
30000.00000000 17.69620797
30100.00000000 17.68573655
30200.00000000 17.71115025
30300.00000000 17.74249911
30400.00000000 17.75025388
30500.00000000 17.75200878
30600.00000000 17.77715639
30700.00000000 17.78836739
30800.00000000 17.78600809
30900.00000000 17.78866885
31000.00000000 17.78815846
31100.00000000 17.78219910
31200.00000000 17.75319533
31300.00000000 17.73544968
31400.00000000 17.71506081
31500.00000000 17.71633830
31600.00000000 17.72506744
31700.00000000 17.73160840
31800.00000000 17.72757500
31900.00000000 17.69924356
32000.00000000 17.65564298
32100.00000000 17.61150410
32200.00000000 17.57126515
32300.00000000 17.52960468
32400.00000000 17.47986487
32500.00000000 17.42870587
32600.00000000 17.38017183
32700.00000000 17.33037704
32800.00000000 17.28795685
32900.00000000 17.24844111
33000.00000000 17.19901536
33100.00000000 17.16376292
33200.00000000 17.13201794
33300.00000000 17.09570840
33400.00000000 17.05473856
33500.00000000 17.01188595
33600.00000000 16.96789869
33700.00000000 16.92057952
33800.00000000 16.87592138
33900.00000000 16.83794597
34000.00000000 16.81070973
34100.00000000 16.79654526
34200.00000000 16.78828796
34300.00000000 16.78338944
34400.00000000 16.77665086
34500.00000000 16.75926435
34600.00000000 16.76323601
34700.00000000 16.78441174
34800.00000000 16.80957615
34900.00000000 16.83446662
35000.00000000 16.84891465
35100.00000000 16.87562879
35200.00000000 16.90532155
35300.00000000 16.93733972
35400.00000000 16.97348014
35500.00000000 17.02226434
35600.00000000 17.07294327
35700.00000000 17.14039232
35800.00000000 17.20157158
35900.00000000 17.25471048
36000.00000000 17.31517484
36100.00000000 17.35190806
36200.00000000 17.39683678
36300.00000000 17.44853961
36400.00000000 17.49076734
36500.00000000 17.54098728
36600.00000000 17.59572354
36700.00000000 17.62784200
36800.00000000 17.65815875
36900.00000000 17.69099038
37000.00000000 17.73278597
37100.00000000 17.78296094
37200.00000000 17.82826973
37300.00000000 17.86475691
37400.00000000 17.89278804
37500.00000000 17.92368525
37600.00000000 17.96892720
37700.00000000 18.02868769
37800.00000000 18.09028305
37900.00000000 18.15195189
38000.00000000 18.22538649
38100.00000000 18.30931491
38200.00000000 18.39644456
38300.00000000 18.49691494
38400.00000000 18.60214986
38500.00000000 18.72287087
38600.00000000 18.84802532
38700.00000000 18.95933940
38800.00000000 19.06734335
38900.00000000 19.17799649
39000.00000000 19.29575477
39100.00000000 19.39834087
39200.00000000 19.49675111
39300.00000000 19.59616606
39400.00000000 19.68761935
39500.00000000 19.78950336
39600.00000000 19.90038715
39700.00000000 19.98458611
39800.00000000 20.05809391
39900.00000000 20.11163302
40000.00000000 20.18017878
40100.00000000 20.22245934
40200.00000000 20.24656482
40300.00000000 20.26684135
40400.00000000 20.28470371
40500.00000000 20.29716704
40600.00000000 20.31409610
40700.00000000 20.30799420
40800.00000000 20.30303258
40900.00000000 20.31013725
41000.00000000 20.31665080
41100.00000000 20.30518107
41200.00000000 20.30218007
41300.00000000 20.28430279
41400.00000000 20.25130699
41500.00000000 20.22035010
41600.00000000 20.21657294
41700.00000000 20.21612836
41800.00000000 20.20125877
41900.00000000 20.18326341
42000.00000000 20.16129693
42100.00000000 20.14277811
42200.00000000 20.12908369
42300.00000000 20.10801245
42400.00000000 20.08327754
42500.00000000 20.06244718
42600.00000000 20.05172667
42700.00000000 20.05162039
42800.00000000 20.05947444
42900.00000000 20.07618852
43000.00000000 20.07554035
43100.00000000 20.05722413
43200.00000000 20.02090068
43300.00000000 19.99669057
43400.00000000 19.97020376
43500.00000000 19.94208633
43600.00000000 19.93245905
43700.00000000 19.91979547
43800.00000000 19.91312873
43900.00000000 19.91604331
44000.00000000 19.90634346
44100.00000000 19.87835589
44200.00000000 19.85326395
44300.00000000 19.83244870
44400.00000000 19.82225640
44500.00000000 19.80136767
44600.00000000 19.77293517
44700.00000000 19.73360580
44800.00000000 19.69259102
44900.00000000 19.65111795
45000.00000000 19.61074403
45100.00000000 19.58169488
45200.00000000 19.55294996
45300.00000000 19.53698446
45400.00000000 19.50923618
45500.00000000 19.47380045
45600.00000000 19.43360748
45700.00000000 19.39858777
45800.00000000 19.37834733
45900.00000000 19.36123459
46000.00000000 19.34802868
46100.00000000 19.32195741
46200.00000000 19.30023962
46300.00000000 19.27432146
46400.00000000 19.25858409
46500.00000000 19.23042568
46600.00000000 19.21160567
46700.00000000 19.19262040
46800.00000000 19.20131070
46900.00000000 19.21651487
47000.00000000 19.25610510
47100.00000000 19.30878905
47200.00000000 19.36693677
47300.00000000 19.42765237
47400.00000000 19.48336342
47500.00000000 19.54751094
47600.00000000 19.61017987
47700.00000000 19.67588101
47800.00000000 19.73171773
47900.00000000 19.77609257
48000.00000000 19.82888230
48100.00000000 19.88898947
48200.00000000 19.92680952
48300.00000000 19.96456716
48400.00000000 19.99659129
48500.00000000 20.01327072
48600.00000000 20.05285693
48700.00000000 20.10943951
48800.00000000 20.17234487
48900.00000000 20.23307652
49000.00000000 20.27510298
49100.00000000 20.32051018
49200.00000000 20.36298725
49300.00000000 20.38533244
49400.00000000 20.39499018
49500.00000000 20.39036086
49600.00000000 20.38463770
49700.00000000 20.38084667
49800.00000000 20.36516870
49900.00000000 20.33710107
50000.00000000 20.30198913
50100.00000000 20.26558233
50200.00000000 20.22914407
50300.00000000 20.19461794
50400.00000000 20.15668156
50500.00000000 20.12480321
50600.00000000 20.08835792
50700.00000000 20.05284464
50800.00000000 20.02219241
50900.00000000 19.98786730
51000.00000000 19.96572075
51100.00000000 19.93464777
51200.00000000 19.90544015
51300.00000000 19.87615871
51400.00000000 19.84098471
51500.00000000 19.81284527
51600.00000000 19.78371929
51700.00000000 19.77420903
51800.00000000 19.77691655
51900.00000000 19.76737695
52000.00000000 19.75212675
52100.00000000 19.73651900
52200.00000000 19.71678033
52300.00000000 19.68832829
52400.00000000 19.65643569
52500.00000000 19.62987479
52600.00000000 19.61546169
52700.00000000 19.60355764
52800.00000000 19.58933254
52900.00000000 19.57305444
53000.00000000 19.57048670
53100.00000000 19.57103988
53200.00000000 19.57601102
53300.00000000 19.57499137
53400.00000000 19.56837775
53500.00000000 19.55243805
53600.00000000 19.53714487
53700.00000000 19.52215319
53800.00000000 19.49385987
53900.00000000 19.46981814
54000.00000000 19.43564551
54100.00000000 19.40341406
54200.00000000 19.37738036
54300.00000000 19.34733238
54400.00000000 19.32565324
54500.00000000 19.32484362
54600.00000000 19.32296954
54700.00000000 19.31825350
54800.00000000 19.29579291
54900.00000000 19.26589019
55000.00000000 19.23299334
55100.00000000 19.19933804
55200.00000000 19.17475402
55300.00000000 19.15808137
55400.00000000 19.13974618
55500.00000000 19.10986479
55600.00000000 19.09333824
55700.00000000 19.08896773
55800.00000000 19.11014861
55900.00000000 19.14924210
56000.00000000 19.20311221
56100.00000000 19.25622261
56200.00000000 19.30949417
56300.00000000 19.35913919
56400.00000000 19.41787277
56500.00000000 19.48264532
56600.00000000 19.54137798
56700.00000000 19.59816630
56800.00000000 19.66264389
56900.00000000 19.73709489
57000.00000000 19.82219948
57100.00000000 19.90233108
57200.00000000 19.97328069
57300.00000000 20.04272431
57400.00000000 20.08514853
57500.00000000 20.11871132
57600.00000000 20.16683488
57700.00000000 20.21476594
57800.00000000 20.26409911
57900.00000000 20.32425944
58000.00000000 20.38453974
58100.00000000 20.45024827
58200.00000000 20.51395053
58300.00000000 20.58768377
58400.00000000 20.64971588
58500.00000000 20.69038748
58600.00000000 20.73296336
58700.00000000 20.77468574
58800.00000000 20.82581866
58900.00000000 20.88723843
59000.00000000 20.94355639
59100.00000000 20.99023435
59200.00000000 21.05087752
59300.00000000 21.11611666
59400.00000000 21.16829078
59500.00000000 21.22193791
59600.00000000 21.27613514
59700.00000000 21.32862945
59800.00000000 21.36644683
59900.00000000 21.40118887
60000.00000000 21.45115613
60100.00000000 21.50499237
60200.00000000 21.55513079
60300.00000000 21.59240100
60400.00000000 21.63454325
60500.00000000 21.68807832
60600.00000000 21.74352810
60700.00000000 21.80161552
60800.00000000 21.86311856
60900.00000000 21.92752951
61000.00000000 21.98759949
61100.00000000 22.03377268
61200.00000000 22.08516468
61300.00000000 22.13945847
61400.00000000 22.19518619
61500.00000000 22.25457959
61600.00000000 22.30787727
61700.00000000 22.35544741
61800.00000000 22.40454675
61900.00000000 22.44472348
62000.00000000 22.49399462
62100.00000000 22.53918079
62200.00000000 22.57172478
62300.00000000 22.60820980
62400.00000000 22.64009610
62500.00000000 22.66074259
62600.00000000 22.68437964
62700.00000000 22.69861810
62800.00000000 22.69470761
62900.00000000 22.68017290
63000.00000000 22.67162756
63100.00000000 22.65898787
63200.00000000 22.64536512
63300.00000000 22.63436997
63400.00000000 22.61053148
63500.00000000 22.58989410
63600.00000000 22.57256012
63700.00000000 22.55643807
63800.00000000 22.52864768
63900.00000000 22.49763171
64000.00000000 22.46672280
64100.00000000 22.43816231
64200.00000000 22.41437455
64300.00000000 22.39410245
64400.00000000 22.37672923
64500.00000000 22.36475869
64600.00000000 22.34354211
64700.00000000 22.32819793
64800.00000000 22.31582362
64900.00000000 22.30059158
65000.00000000 22.27986773
65100.00000000 22.25275481
65200.00000000 22.22373329
65300.00000000 22.19235456
65400.00000000 22.16225350
65500.00000000 22.13602655
65600.00000000 22.10702191
65700.00000000 22.07725827
65800.00000000 22.04537603
65900.00000000 22.01618677
66000.00000000 21.98851671
66100.00000000 21.96804563
66200.00000000 21.95057037
66300.00000000 21.92416036
66400.00000000 21.89502004
66500.00000000 21.86653469
66600.00000000 21.83610494
66700.00000000 21.80581516
66800.00000000 21.77804043
66900.00000000 21.75154256
67000.00000000 21.73416597
67100.00000000 21.70647117
67200.00000000 21.67879843
67300.00000000 21.65236437
67400.00000000 21.62499528
67500.00000000 21.59597825
67600.00000000 21.56838892
67700.00000000 21.54305965
67800.00000000 21.52575806
67900.00000000 21.52242996
68000.00000000 21.51638297
68100.00000000 21.49301915
68200.00000000 21.46486797
68300.00000000 21.43665784
68400.00000000 21.40864598
68500.00000000 21.38286238
68600.00000000 21.35735071
68700.00000000 21.33177305
68800.00000000 21.30806640
68900.00000000 21.28835799
69000.00000000 21.27277964
69100.00000000 21.26813244
69200.00000000 21.26036823
69300.00000000 21.24063718
69400.00000000 21.22986994
69500.00000000 21.22473399
69600.00000000 21.21655309
69700.00000000 21.20524665
69800.00000000 21.19369028
69900.00000000 21.17616691
70000.00000000 21.15773977
70100.00000000 21.13111173
70200.00000000 21.10780571
70300.00000000 21.10152502
70400.00000000 21.09349667
70500.00000000 21.06941272
70600.00000000 21.04534778
70700.00000000 21.03007455
70800.00000000 21.01658842
70900.00000000 20.99959711
71000.00000000 20.98256515
71100.00000000 20.96561605
71200.00000000 20.95140068
71300.00000000 20.93826549
71400.00000000 20.93271379
71500.00000000 20.92857383
71600.00000000 20.92138104
71700.00000000 20.92736317
71800.00000000 20.94591360
71900.00000000 20.96526963
72000.00000000 20.99012456
72100.00000000 21.01478771
72200.00000000 21.05887451
72300.00000000 21.10494666
72400.00000000 21.15710787
72500.00000000 21.20316604
72600.00000000 21.24526169
72700.00000000 21.28011275
72800.00000000 21.31439414
72900.00000000 21.33904815
73000.00000000 21.35798978
73100.00000000 21.38407394
73200.00000000 21.41149191
73300.00000000 21.44406500
73400.00000000 21.48138525
73500.00000000 21.51989755
73600.00000000 21.54989404
73700.00000000 21.58001721
73800.00000000 21.60459939
73900.00000000 21.62216894
74000.00000000 21.64045175
74100.00000000 21.64772095
74200.00000000 21.65054151
74300.00000000 21.65344306
74400.00000000 21.65407339
74500.00000000 21.64021933
74600.00000000 21.62613504
74700.00000000 21.62984594
74800.00000000 21.63083230
74900.00000000 21.62983296
75000.00000000 21.63428500
75100.00000000 21.64247797
75200.00000000 21.64853823
75300.00000000 21.64938207
75400.00000000 21.64555521
75500.00000000 21.63642782
75600.00000000 21.62988653
75700.00000000 21.62282417
75800.00000000 21.60246575
75900.00000000 21.57561631
76000.00000000 21.54995701
76100.00000000 21.52603198
76200.00000000 21.50697372
76300.00000000 21.47960970
76400.00000000 21.45902746
76500.00000000 21.43868567
76600.00000000 21.41283065
76700.00000000 21.38668775
76800.00000000 21.36280875
76900.00000000 21.33858504
77000.00000000 21.31536943
77100.00000000 21.29987040
77200.00000000 21.27719165
77300.00000000 21.25681144
77400.00000000 21.23029726
77500.00000000 21.20946112
77600.00000000 21.19088786
77700.00000000 21.17405106
77800.00000000 21.15134493
77900.00000000 21.12761002
78000.00000000 21.11791507
78100.00000000 21.12542027
78200.00000000 21.12940972
78300.00000000 21.13094491
78400.00000000 21.12397449
78500.00000000 21.10764454
78600.00000000 21.08515939
78700.00000000 21.06197892
78800.00000000 21.03705096
78900.00000000 21.01614870
79000.00000000 20.99285320
79100.00000000 20.97121731
79200.00000000 20.94971180
79300.00000000 20.92742236
79400.00000000 20.90873676
79500.00000000 20.89035458
79600.00000000 20.86860953
79700.00000000 20.84485165
79800.00000000 20.82064657
79900.00000000 20.79669558
80000.00000000 20.77444969
80100.00000000 20.75249438
80200.00000000 20.73287877
80300.00000000 20.72058900
80400.00000000 20.70142058
80500.00000000 20.68269926
80600.00000000 20.66127324
80700.00000000 20.64102765
80800.00000000 20.61965539
80900.00000000 20.60345093
81000.00000000 20.58865844
81100.00000000 20.56875645
81200.00000000 20.55213029
81300.00000000 20.54145709
81400.00000000 20.54034528
81500.00000000 20.54057830
81600.00000000 20.53800119
81700.00000000 20.53583107
81800.00000000 20.53743214
81900.00000000 20.53963925
82000.00000000 20.53478029
82100.00000000 20.53848200
82200.00000000 20.53444910
82300.00000000 20.53253272
82400.00000000 20.52306642
82500.00000000 20.50291665
82600.00000000 20.48406526
82700.00000000 20.46317247
82800.00000000 20.44049696
82900.00000000 20.42200820
83000.00000000 20.40112551
83100.00000000 20.38002390
83200.00000000 20.36126022
83300.00000000 20.34709811
83400.00000000 20.33889831
83500.00000000 20.33179663
83600.00000000 20.32336383
83700.00000000 20.31323631
83800.00000000 20.30354568
83900.00000000 20.29850330
84000.00000000 20.29211061
84100.00000000 20.27628585
84200.00000000 20.25311531
84300.00000000 20.23490813
84400.00000000 20.21791799
84500.00000000 20.19952863
84600.00000000 20.18079434
84700.00000000 20.15852796
84800.00000000 20.13883476
84900.00000000 20.11974577
85000.00000000 20.09985124
85100.00000000 20.08480262
85200.00000000 20.06756252
85300.00000000 20.04940372
85400.00000000 20.03205890
85500.00000000 20.01218327
85600.00000000 19.99006953
85700.00000000 19.97258861
85800.00000000 19.95465057
85900.00000000 19.94133882
86000.00000000 19.92169056
86100.00000000 19.91184655
86200.00000000 19.91762227
86300.00000000 19.92644177
86400.00000000 19.93147355
86500.00000000 19.93676728
86600.00000000 19.94995849
86700.00000000 19.96251420
86800.00000000 19.97170750
86900.00000000 19.97870597
87000.00000000 19.98920354
87100.00000000 19.99968313
87200.00000000 20.01297828
87300.00000000 20.03314219
87400.00000000 20.05289764
87500.00000000 20.07046976
87600.00000000 20.08617861
87700.00000000 20.10452407
87800.00000000 20.13219105
87900.00000000 20.17070138
88000.00000000 20.20403588
88100.00000000 20.23343064
88200.00000000 20.26040845
88300.00000000 20.27689067
88400.00000000 20.29589646
88500.00000000 20.31717350
88600.00000000 20.34112914
88700.00000000 20.37087077
88800.00000000 20.40562594
88900.00000000 20.44224821
89000.00000000 20.48388931
89100.00000000 20.52670223
89200.00000000 20.57575860
89300.00000000 20.62175299
89400.00000000 20.65865144
89500.00000000 20.68992412
89600.00000000 20.71291575
89700.00000000 20.74034131
89800.00000000 20.76165176
89900.00000000 20.77455525
90000.00000000 20.78801963
90100.00000000 20.78850402
90200.00000000 20.78837577
90300.00000000 20.79047518
90400.00000000 20.79682119
90500.00000000 20.80423502
90600.00000000 20.81240603
90700.00000000 20.81956362
90800.00000000 20.83004211
90900.00000000 20.84806746
91000.00000000 20.86502731
91100.00000000 20.88467600
91200.00000000 20.90595646
91300.00000000 20.92603510
91400.00000000 20.93655146
91500.00000000 20.93862889
91600.00000000 20.93058462
91700.00000000 20.92131492
91800.00000000 20.90693010
91900.00000000 20.89627737
92000.00000000 20.87534736
92100.00000000 20.85334455
92200.00000000 20.83395181
92300.00000000 20.81471560
92400.00000000 20.79658961
92500.00000000 20.77886317
92600.00000000 20.77476295
92700.00000000 20.77449851
92800.00000000 20.77359047
92900.00000000 20.76765745
93000.00000000 20.75424730
93100.00000000 20.73345754
93200.00000000 20.71613633
93300.00000000 20.69673197
93400.00000000 20.68027378
93500.00000000 20.66240111
93600.00000000 20.64435383
93700.00000000 20.62513578
93800.00000000 20.60909714
93900.00000000 20.60023251
94000.00000000 20.58375086
94100.00000000 20.56705353
94200.00000000 20.54753241
94300.00000000 20.52784163
94400.00000000 20.51000870
94500.00000000 20.49066205
94600.00000000 20.47064720
94700.00000000 20.45208960
94800.00000000 20.43587592
94900.00000000 20.41517565
95000.00000000 20.40157380
95100.00000000 20.39677267
95200.00000000 20.39667973
95300.00000000 20.39061849
95400.00000000 20.38456285
95500.00000000 20.37982167
95600.00000000 20.38520996
95700.00000000 20.39280950
95800.00000000 20.40142945
95900.00000000 20.40031959
96000.00000000 20.38878398
96100.00000000 20.38524635
96200.00000000 20.37943411
96300.00000000 20.35987755
96400.00000000 20.34016046
96500.00000000 20.31992062
96600.00000000 20.30297122
96700.00000000 20.28362956
96800.00000000 20.26920668
96900.00000000 20.25555437
97000.00000000 20.24571673
97100.00000000 20.23472473
97200.00000000 20.22538208
97300.00000000 20.22091251
97400.00000000 20.22042311
97500.00000000 20.21717697
97600.00000000 20.21067778
97700.00000000 20.19870924
97800.00000000 20.19063290
97900.00000000 20.17846986
98000.00000000 20.15901068
98100.00000000 20.14009410
98200.00000000 20.13162822
98300.00000000 20.12848868
98400.00000000 20.12575111
98500.00000000 20.11674149
98600.00000000 20.11441610
98700.00000000 20.12213997
98800.00000000 20.13197278
98900.00000000 20.13884791
99000.00000000 20.14278684
99100.00000000 20.15096510
99200.00000000 20.16039302
99300.00000000 20.16075054
99400.00000000 20.15861881
99500.00000000 20.16008442
99600.00000000 20.16191418
99700.00000000 20.16883522
99800.00000000 20.17642796
99900.00000000 20.18634521
100000.00000000 20.18941522
