100.00000000 5.32447092
200.00000000 5.49031384
300.00000000 3.99159218
400.00000000 3.89080278
500.00000000 4.76069886
600.00000000 5.14038519
700.00000000 6.18431461
800.00000000 7.31126810
900.00000000 7.99593346
1000.00000000 9.10649265
1100.00000000 10.77119290
1200.00000000 11.58648708
1300.00000000 12.12047937
1400.00000000 12.24485508
1500.00000000 12.49384372
1600.00000000 13.25507872
1700.00000000 13.92549590
1800.00000000 15.00108622
1900.00000000 16.00477371
2000.00000000 16.78012558
2100.00000000 17.60060093
2200.00000000 18.55197331
2300.00000000 19.05514078
2400.00000000 19.04399665
2500.00000000 19.04475488
2600.00000000 19.38445084
2700.00000000 19.82238645
2800.00000000 20.25288200
2900.00000000 20.35525899
3000.00000000 20.23685069
3100.00000000 20.13978158
3200.00000000 20.23937082
3300.00000000 20.19813339
3400.00000000 20.25124619
3500.00000000 20.35014757
3600.00000000 20.33257423
3700.00000000 20.34248375
3800.00000000 20.29240464
3900.00000000 20.11324652
4000.00000000 20.19953484
4100.00000000 20.50912578
4200.00000000 20.84977931
4300.00000000 21.02081884
4400.00000000 21.00443080
4500.00000000 21.02316535
4600.00000000 20.92462505
4700.00000000 20.62719242
4800.00000000 20.30466408
4900.00000000 19.96341644
5000.00000000 19.58693688
5100.00000000 19.28680598
5200.00000000 19.19826732
5300.00000000 19.12493073
5400.00000000 18.95205231
5500.00000000 18.77945067
5600.00000000 18.59808431
5700.00000000 18.33174728
5800.00000000 18.04053538
5900.00000000 17.81820140
6000.00000000 17.65350850
6100.00000000 17.50660879
6200.00000000 17.41243024
6300.00000000 17.37315922
6400.00000000 17.44214581
6500.00000000 17.50013618
6600.00000000 17.55063885
6700.00000000 17.59061964
6800.00000000 17.69310226
6900.00000000 17.77642629
7000.00000000 17.72064947
7100.00000000 17.64085090
7200.00000000 17.52595227
7300.00000000 17.35870198
7400.00000000 17.20317822
7500.00000000 17.02605871
7600.00000000 16.84168739
7700.00000000 16.65902835
7800.00000000 16.48220080
7900.00000000 16.28585729
8000.00000000 16.08781182
8100.00000000 15.91288691
8200.00000000 15.79826255
8300.00000000 15.86097741
8400.00000000 15.93102247
8500.00000000 15.92563139
8600.00000000 15.86844481
8700.00000000 15.72359173
8800.00000000 15.57057876
8900.00000000 15.46296144
9000.00000000 15.33748395
9100.00000000 15.19430135
9200.00000000 15.04001326
9300.00000000 14.89590850
9400.00000000 14.79458375
9500.00000000 14.75402691
9600.00000000 14.69619458
9700.00000000 14.56766576
9800.00000000 14.44405767
9900.00000000 14.36777488
10000.00000000 14.23676422
10100.00000000 14.18931655
10200.00000000 14.18531492
10300.00000000 14.20368409
10400.00000000 14.27550728
10500.00000000 14.35003785
10600.00000000 14.42954240
10700.00000000 14.52485060
10800.00000000 14.58990395
10900.00000000 14.68215047
11000.00000000 14.78902156
11100.00000000 14.86139055
11200.00000000 15.08475142
11300.00000000 15.31596634
11400.00000000 15.55309949
11500.00000000 15.79879655
11600.00000000 16.05694421
11700.00000000 16.30154101
11800.00000000 16.48101638
11900.00000000 16.63466878
12000.00000000 16.70773357
12100.00000000 16.74301688
12200.00000000 16.72699372
12300.00000000 16.64968957
12400.00000000 16.54009672
12500.00000000 16.44924055
12600.00000000 16.36098337
12700.00000000 16.23920405
12800.00000000 16.11936082
12900.00000000 16.01277225
13000.00000000 15.90197543
13100.00000000 15.81610888
13200.00000000 15.75844394
13300.00000000 15.68202703
13400.00000000 15.67230739
13500.00000000 15.74001657
13600.00000000 15.79490991
13700.00000000 15.83791634
13800.00000000 15.83323191
13900.00000000 15.83418124
14000.00000000 15.84286218
14100.00000000 15.83820042
14200.00000000 15.83621596
14300.00000000 15.81158656
14400.00000000 15.82678363
14500.00000000 15.84250674
14600.00000000 15.87089870
14700.00000000 15.83537467
14800.00000000 15.74497473
14900.00000000 15.69387524
15000.00000000 15.65040515
15100.00000000 15.64170056
15200.00000000 15.66499262
15300.00000000 15.70232776
15400.00000000 15.71688134
15500.00000000 15.77003665
15600.00000000 15.91199664
15700.00000000 16.05903724
15800.00000000 16.18836074
15900.00000000 16.31272374
16000.00000000 16.42279147
16100.00000000 16.53751749
16200.00000000 16.67059608
16300.00000000 16.81543974
16400.00000000 16.92467174
16500.00000000 16.99164268
16600.00000000 17.09267060
16700.00000000 17.17792499
16800.00000000 17.25591628
16900.00000000 17.28310870
17000.00000000 17.31212786
17100.00000000 17.31318579
17200.00000000 17.32693109
17300.00000000 17.34628150
17400.00000000 17.39899021
17500.00000000 17.43456717
17600.00000000 17.44569934
17700.00000000 17.52984308
17800.00000000 17.62426944
17900.00000000 17.75763746
18000.00000000 17.94341699
18100.00000000 18.12214468
18200.00000000 18.34121369
18300.00000000 18.57097291
18400.00000000 18.77737126
18500.00000000 18.94110444
18600.00000000 19.10320728
18700.00000000 19.32161488
18800.00000000 19.60710589
18900.00000000 19.89405022
19000.00000000 20.12060392
19100.00000000 20.28717361
19200.00000000 20.45531806
19300.00000000 20.65308713
19400.00000000 20.80765028
19500.00000000 20.93551568
19600.00000000 21.03800527
19700.00000000 21.12119723
19800.00000000 21.24501201
19900.00000000 21.39965109
20000.00000000 21.57348644
20100.00000000 21.80655840
20200.00000000 22.07326145
20300.00000000 22.37183600
20400.00000000 22.69110887
20500.00000000 22.96175175
20600.00000000 23.19633964
20700.00000000 23.44194710
20800.00000000 23.69176120
20900.00000000 23.90277798
21000.00000000 24.08306669
21100.00000000 24.27011745
21200.00000000 24.45898921
21300.00000000 24.67480335
21400.00000000 24.91785010
21500.00000000 25.17063895
21600.00000000 25.43835735
21700.00000000 25.68580859
21800.00000000 25.92517267
21900.00000000 26.16644676
22000.00000000 26.40560330
22100.00000000 26.65482996
22200.00000000 26.92863061
22300.00000000 27.18235689
22400.00000000 27.39850373
22500.00000000 27.65218899
22600.00000000 27.88800954
22700.00000000 28.07638437
22800.00000000 28.25515618
22900.00000000 28.44619201
23000.00000000 28.63770439
23100.00000000 28.83043726
23200.00000000 29.02904763
23300.00000000 29.26343224
23400.00000000 29.47317946
23500.00000000 29.67890419
23600.00000000 29.89800658
23700.00000000 30.07832628
23800.00000000 30.21211856
23900.00000000 30.32036056
24000.00000000 30.42935139
24100.00000000 30.57085018
24200.00000000 30.69945443
24300.00000000 30.78149584
24400.00000000 30.85768139
24500.00000000 30.97280302
24600.00000000 31.08922750
24700.00000000 31.19587984
24800.00000000 31.26213732
24900.00000000 31.32529910
25000.00000000 31.39240101
25100.00000000 31.47256868
25200.00000000 31.55166429
25300.00000000 31.62450083
25400.00000000 31.68756154
25500.00000000 31.76276793
25600.00000000 31.81379335
25700.00000000 31.84047481
25800.00000000 31.85843165
25900.00000000 31.87664448
26000.00000000 31.86804081
26100.00000000 31.86599842
26200.00000000 31.84070234
26300.00000000 31.82845794
26400.00000000 31.80144690
26500.00000000 31.77679947
26600.00000000 31.75592911
26700.00000000 31.72634921
26800.00000000 31.69938203
26900.00000000 31.69207902
27000.00000000 31.69068912
27100.00000000 31.67844857
27200.00000000 31.65572782
27300.00000000 31.63659464
27400.00000000 31.62632606
27500.00000000 31.61520084
27600.00000000 31.59595493
27700.00000000 31.57107305
27800.00000000 31.55734510
27900.00000000 31.57031936
28000.00000000 31.56970505
28100.00000000 31.53565933
28200.00000000 31.49758778
28300.00000000 31.42889322
28400.00000000 31.32612908
28500.00000000 31.24450355
28600.00000000 31.15339958
28700.00000000 31.05224863
28800.00000000 30.95951583
28900.00000000 30.86204951
29000.00000000 30.78385091
29100.00000000 30.71046865
29200.00000000 30.63573930
29300.00000000 30.55599765
29400.00000000 30.46164307
29500.00000000 30.37442699
29600.00000000 30.27809702
29700.00000000 30.18030101
29800.00000000 30.08068782
29900.00000000 29.99214702
30000.00000000 29.90564006
30100.00000000 29.84919920
30200.00000000 29.79821585
30300.00000000 29.74190436
30400.00000000 29.68187875
30500.00000000 29.61486866
30600.00000000 29.56432630
30700.00000000 29.52069613
30800.00000000 29.48238645
30900.00000000 29.45611918
31000.00000000 29.42405457
31100.00000000 29.40690885
31200.00000000 29.38733081
31300.00000000 29.38262459
31400.00000000 29.39975887
31500.00000000 29.41850113
31600.00000000 29.44370474
31700.00000000 29.48058151
31800.00000000 29.54353769
31900.00000000 29.59364472
32000.00000000 29.61650964
32100.00000000 29.64250835
32200.00000000 29.67538854
32300.00000000 29.68691215
32400.00000000 29.68696373
32500.00000000 29.65166058
32600.00000000 29.61756137
32700.00000000 29.58523749
32800.00000000 29.54998949
32900.00000000 29.52261648
33000.00000000 29.50171804
33100.00000000 29.48027829
33200.00000000 29.42431246
33300.00000000 29.38332943
33400.00000000 29.33836658
33500.00000000 29.30331836
33600.00000000 29.27977123
33700.00000000 29.23669054
33800.00000000 29.18364097
33900.00000000 29.13923013
34000.00000000 29.08887765
34100.00000000 29.03036737
34200.00000000 28.96471615
34300.00000000 28.89910639
34400.00000000 28.83589456
34500.00000000 28.79076810
34600.00000000 28.75065730
34700.00000000 28.71984875
34800.00000000 28.71196353
34900.00000000 28.70583215
35000.00000000 28.71232917
35100.00000000 28.73443468
35200.00000000 28.77885026
35300.00000000 28.83235673
35400.00000000 28.89819780
35500.00000000 28.98929853
35600.00000000 29.07667828
35700.00000000 29.14161982
35800.00000000 29.19125513
35900.00000000 29.22150025
36000.00000000 29.25958678
36100.00000000 29.32226076
36200.00000000 29.39548375
36300.00000000 29.46133350
36400.00000000 29.53038895
36500.00000000 29.59775065
36600.00000000 29.66164472
36700.00000000 29.68206667
36800.00000000 29.67798215
36900.00000000 29.65301676
37000.00000000 29.62275846
37100.00000000 29.59393204
37200.00000000 29.56829455
37300.00000000 29.54391190
37400.00000000 29.50944636
37500.00000000 29.49444345
37600.00000000 29.50471305
37700.00000000 29.52406946
37800.00000000 29.56546241
37900.00000000 29.59363235
38000.00000000 29.62200379
38100.00000000 29.66316445
38200.00000000 29.71633558
38300.00000000 29.77368271
38400.00000000 29.83133989
38500.00000000 29.90199726
38600.00000000 29.99165532
38700.00000000 30.08615109
38800.00000000 30.19773695
38900.00000000 30.30737018
39000.00000000 30.41833807
39100.00000000 30.53498336
39200.00000000 30.65001569
39300.00000000 30.76698182
39400.00000000 30.88990757
39500.00000000 31.00867238
39600.00000000 31.12632420
39700.00000000 31.25928976
39800.00000000 31.37209301
39900.00000000 31.46508171
40000.00000000 31.55970451
40100.00000000 31.64566810
40200.00000000 31.73744513
40300.00000000 31.84540102
40400.00000000 31.93752340
40500.00000000 32.04980311
40600.00000000 32.16071220
40700.00000000 32.26373744
40800.00000000 32.36083471
40900.00000000 32.44140249
41000.00000000 32.52807951
41100.00000000 32.61244621
41200.00000000 32.70941380
41300.00000000 32.79907029
41400.00000000 32.89369268
41500.00000000 32.97871687
41600.00000000 33.07626480
41700.00000000 33.17965022
41800.00000000 33.26815675
41900.00000000 33.35606818
42000.00000000 33.44765015
42100.00000000 33.55722507
42200.00000000 33.65875689
42300.00000000 33.76595799
42400.00000000 33.87172428
42500.00000000 33.98074241
42600.00000000 34.08894762
42700.00000000 34.18988775
42800.00000000 34.29587188
42900.00000000 34.40523406
43000.00000000 34.52559331
43100.00000000 34.65483699
43200.00000000 34.80407032
43300.00000000 34.97147631
43400.00000000 35.13567589
43500.00000000 35.28382166
43600.00000000 35.42592764
43700.00000000 35.56653559
43800.00000000 35.71156901
43900.00000000 35.86800430
44000.00000000 36.02132005
44100.00000000 36.16264588
44200.00000000 36.27255609
44300.00000000 36.37194457
44400.00000000 36.46241212
44500.00000000 36.55340995
44600.00000000 36.63757628
44700.00000000 36.72091026
44800.00000000 36.79838840
44900.00000000 36.86721988
45000.00000000 36.93643887
45100.00000000 37.01467444
45200.00000000 37.08178926
45300.00000000 37.13097445
45400.00000000 37.16372299
45500.00000000 37.19875892
45600.00000000 37.23610116
45700.00000000 37.27013256
45800.00000000 37.29820043
45900.00000000 37.32419628
46000.00000000 37.35131272
46100.00000000 37.37583419
46200.00000000 37.38012686
46300.00000000 37.38888630
46400.00000000 37.38718514
46500.00000000 37.38641261
46600.00000000 37.37534505
46700.00000000 37.35831093
46800.00000000 37.36632786
46900.00000000 37.37904221
47000.00000000 37.39895403
47100.00000000 37.42083389
47200.00000000 37.44020257
47300.00000000 37.46833915
47400.00000000 37.49822234
47500.00000000 37.52970471
47600.00000000 37.56962970
47700.00000000 37.61006505
47800.00000000 37.65439696
47900.00000000 37.69064809
48000.00000000 37.70531944
48100.00000000 37.72717941
48200.00000000 37.76265803
48300.00000000 37.79359423
48400.00000000 37.82495725
48500.00000000 37.85609678
48600.00000000 37.89394793
48700.00000000 37.92255521
48800.00000000 37.95059414
48900.00000000 37.97493829
49000.00000000 37.98613040
49100.00000000 37.98745742
49200.00000000 37.98619976
49300.00000000 37.96989454
49400.00000000 37.97036636
49500.00000000 37.97256227
49600.00000000 37.97251634
49700.00000000 37.96986193
49800.00000000 37.97612627
49900.00000000 37.99503515
50000.00000000 38.00317437
50100.00000000 38.01308830
50200.00000000 38.01350831
50300.00000000 38.02107028
50400.00000000 38.02617940
50500.00000000 38.03328242
50600.00000000 38.03411119
50700.00000000 38.02522849
50800.00000000 38.01363587
50900.00000000 38.02057165
51000.00000000 38.02065371
51100.00000000 38.01542572
51200.00000000 37.99684548
51300.00000000 37.97432866
51400.00000000 37.95352759
51500.00000000 37.91507259
51600.00000000 37.87690788
51700.00000000 37.83857085
51800.00000000 37.80453313
51900.00000000 37.78099923
52000.00000000 37.77395434
52100.00000000 37.77685105
52200.00000000 37.76918439
52300.00000000 37.74595640
52400.00000000 37.71317662
52500.00000000 37.67538453
52600.00000000 37.64260192
52700.00000000 37.61892991
52800.00000000 37.59635872
52900.00000000 37.58107380
53000.00000000 37.56278306
53100.00000000 37.55912336
53200.00000000 37.56107828
53300.00000000 37.56498718
53400.00000000 37.56845474
53500.00000000 37.56568839
53600.00000000 37.56069526
53700.00000000 37.56299785
53800.00000000 37.56285881
53900.00000000 37.57030817
54000.00000000 37.57762137
54100.00000000 37.58322763
54200.00000000 37.58961158
54300.00000000 37.58433543
54400.00000000 37.56740237
54500.00000000 37.55443412
54600.00000000 37.55460669
54700.00000000 37.54927134
54800.00000000 37.55281308
54900.00000000 37.54045072
55000.00000000 37.51964209
55100.00000000 37.50842335
55200.00000000 37.48771675
55300.00000000 37.44265493
55400.00000000 37.38537280
55500.00000000 37.32401022
55600.00000000 37.25982813
55700.00000000 37.19697080
55800.00000000 37.13248871
55900.00000000 37.07289370
56000.00000000 37.02337533
56100.00000000 36.96885239
56200.00000000 36.90486783
56300.00000000 36.84090551
56400.00000000 36.77814715
56500.00000000 36.72185763
56600.00000000 36.67853179
56700.00000000 36.63666513
56800.00000000 36.59414144
56900.00000000 36.56118573
57000.00000000 36.52456681
57100.00000000 36.47967425
57200.00000000 36.44945120
57300.00000000 36.40947674
57400.00000000 36.36828257
57500.00000000 36.34004325
57600.00000000 36.31112190
57700.00000000 36.29618613
57800.00000000 36.27120804
57900.00000000 36.24206470
58000.00000000 36.21277182
58100.00000000 36.19429414
58200.00000000 36.18265402
58300.00000000 36.15614125
58400.00000000 36.13138785
58500.00000000 36.09960471
58600.00000000 36.06278573
58700.00000000 36.00892771
58800.00000000 35.95615747
58900.00000000 35.91230946
59000.00000000 35.87957651
59100.00000000 35.84163625
59200.00000000 35.79522507
59300.00000000 35.74329654
59400.00000000 35.69820561
59500.00000000 35.64281875
59600.00000000 35.58658756
59700.00000000 35.53290738
59800.00000000 35.48402035
59900.00000000 35.43460208
60000.00000000 35.39392449
60100.00000000 35.35250743
60200.00000000 35.30343036
60300.00000000 35.24907006
60400.00000000 35.20142545
60500.00000000 35.16543166
60600.00000000 35.14472391
60700.00000000 35.13254282
60800.00000000 35.13149190
60900.00000000 35.13332929
61000.00000000 35.12166719
61100.00000000 35.10082430
61200.00000000 35.06904580
61300.00000000 35.05111448
61400.00000000 35.03247469
61500.00000000 35.01306868
61600.00000000 34.98448495
61700.00000000 34.96347284
61800.00000000 34.94660622
61900.00000000 34.93930957
62000.00000000 34.94104630
62100.00000000 34.95246724
62200.00000000 34.97819551
62300.00000000 35.01202494
62400.00000000 35.04952044
62500.00000000 35.10089554
62600.00000000 35.15307539
62700.00000000 35.20572882
62800.00000000 35.24335530
62900.00000000 35.27007661
63000.00000000 35.28554936
63100.00000000 35.28412935
63200.00000000 35.28843742
63300.00000000 35.27912311
63400.00000000 35.25552988
63500.00000000 35.22576454
63600.00000000 35.18010395
63700.00000000 35.13074673
63800.00000000 35.07718473
63900.00000000 35.02432895
64000.00000000 34.97347194
64100.00000000 34.92830053
64200.00000000 34.89598698
64300.00000000 34.84809844
64400.00000000 34.79619438
64500.00000000 34.74468032
64600.00000000 34.69654228
64700.00000000 34.64637426
64800.00000000 34.59860771
64900.00000000 34.55962087
65000.00000000 34.51073274
65100.00000000 34.46000389
65200.00000000 34.41747292
65300.00000000 34.38443193
65400.00000000 34.34567180
65500.00000000 34.29831195
65600.00000000 34.25164371
65700.00000000 34.20638544
65800.00000000 34.15962768
65900.00000000 34.11340385
66000.00000000 34.06332306
66100.00000000 34.01315137
66200.00000000 33.96878141
66300.00000000 33.92339433
66400.00000000 33.89189470
66500.00000000 33.87330217
66600.00000000 33.85712497
66700.00000000 33.84474161
66800.00000000 33.82929577
66900.00000000 33.81629034
67000.00000000 33.80781405
67100.00000000 33.80211646
67200.00000000 33.79310942
67300.00000000 33.78440087
67400.00000000 33.77615964
67500.00000000 33.76797164
67600.00000000 33.76515825
67700.00000000 33.76425592
67800.00000000 33.76350192
67900.00000000 33.77503532
68000.00000000 33.78459451
68100.00000000 33.79077588
68200.00000000 33.80357822
68300.00000000 33.81557711
68400.00000000 33.81876747
68500.00000000 33.80954780
68600.00000000 33.79479916
68700.00000000 33.77607061
68800.00000000 33.76444920
68900.00000000 33.74438660
69000.00000000 33.73346916
69100.00000000 33.71879646
69200.00000000 33.69942260
69300.00000000 33.68117006
69400.00000000 33.64716273
69500.00000000 33.60223066
69600.00000000 33.55528933
69700.00000000 33.51246766
69800.00000000 33.46769588
69900.00000000 33.42612950
70000.00000000 33.39302131
70100.00000000 33.34879440
70200.00000000 33.31208814
70300.00000000 33.28283090
70400.00000000 33.25843134
70500.00000000 33.24214140
70600.00000000 33.22566105
70700.00000000 33.22163639
70800.00000000 33.21790132
70900.00000000 33.20800587
71000.00000000 33.18862589
71100.00000000 33.16475069
71200.00000000 33.12727594
71300.00000000 33.08494205
71400.00000000 33.05119100
71500.00000000 33.01917171
71600.00000000 32.97724682
71700.00000000 32.93640087
71800.00000000 32.89593688
71900.00000000 32.86495089
72000.00000000 32.83807745
72100.00000000 32.80891381
72200.00000000 32.78824581
72300.00000000 32.76930192
72400.00000000 32.74631423
72500.00000000 32.72187953
72600.00000000 32.68913266
72700.00000000 32.66586290
72800.00000000 32.64318971
72900.00000000 32.62015758
73000.00000000 32.59837785
73100.00000000 32.58347269
73200.00000000 32.57185148
73300.00000000 32.55373262
73400.00000000 32.53123579
73500.00000000 32.50302218
73600.00000000 32.46243627
73700.00000000 32.42294218
73800.00000000 32.39397055
73900.00000000 32.36323170
74000.00000000 32.33600280
74100.00000000 32.31150589
74200.00000000 32.29791287
74300.00000000 32.28927615
74400.00000000 32.28395332
74500.00000000 32.27791547
74600.00000000 32.27050456
74700.00000000 32.25881622
74800.00000000 32.23879121
74900.00000000 32.21530077
75000.00000000 32.19185000
75100.00000000 32.17892042
75200.00000000 32.17075072
75300.00000000 32.16986732
75400.00000000 32.17402505
75500.00000000 32.17867892
75600.00000000 32.18084218
75700.00000000 32.19002395
75800.00000000 32.20192950
75900.00000000 32.21784021
76000.00000000 32.22943858
76100.00000000 32.24754982
76200.00000000 32.26577979
76300.00000000 32.27857500
76400.00000000 32.28726349
76500.00000000 32.29057541
76600.00000000 32.29357808
76700.00000000 32.28670419
76800.00000000 32.28053324
76900.00000000 32.27655021
77000.00000000 32.26807652
77100.00000000 32.24540897
77200.00000000 32.22250613
77300.00000000 32.20820466
77400.00000000 32.20490216
77500.00000000 32.20415606
77600.00000000 32.21592312
77700.00000000 32.22958637
77800.00000000 32.24725706
77900.00000000 32.26477095
78000.00000000 32.28263324
78100.00000000 32.29718656
78200.00000000 32.29614984
78300.00000000 32.29751486
78400.00000000 32.29828393
78500.00000000 32.29156919
78600.00000000 32.28393653
78700.00000000 32.25577099
78800.00000000 32.22938419
78900.00000000 32.20898243
79000.00000000 32.17840793
79100.00000000 32.13955726
79200.00000000 32.10379018
79300.00000000 32.06792791
79400.00000000 32.04080746
79500.00000000 32.02403649
79600.00000000 32.00802331
79700.00000000 31.98504109
79800.00000000 31.96027521
79900.00000000 31.93832511
80000.00000000 31.91209970
80100.00000000 31.88422884
80200.00000000 31.84950237
80300.00000000 31.81702537
80400.00000000 31.77880922
80500.00000000 31.74535202
80600.00000000 31.71028787
80700.00000000 31.67702639
80800.00000000 31.65066098
80900.00000000 31.63308747
81000.00000000 31.60721391
81100.00000000 31.57660072
81200.00000000 31.54879295
81300.00000000 31.51678849
81400.00000000 31.48623506
81500.00000000 31.45341016
81600.00000000 31.41823390
81700.00000000 31.39030885
81800.00000000 31.36572239
81900.00000000 31.34515206
82000.00000000 31.32650435
82100.00000000 31.30509625
82200.00000000 31.27345621
82300.00000000 31.23840548
82400.00000000 31.21103695
82500.00000000 31.18522985
82600.00000000 31.16639504
82700.00000000 31.14923197
82800.00000000 31.13007609
82900.00000000 31.12078909
83000.00000000 31.10764674
83100.00000000 31.08355483
83200.00000000 31.05587550
83300.00000000 31.02817517
83400.00000000 30.99206059
83500.00000000 30.95706316
83600.00000000 30.92212274
83700.00000000 30.88589614
83800.00000000 30.85168562
83900.00000000 30.82300294
84000.00000000 30.79672619
84100.00000000 30.77404014
84200.00000000 30.74683542
84300.00000000 30.71255858
84400.00000000 30.67754896
84500.00000000 30.65031757
84600.00000000 30.62928358
84700.00000000 30.60673776
84800.00000000 30.59157213
84900.00000000 30.58366634
85000.00000000 30.57648299
85100.00000000 30.56244878
85200.00000000 30.54305764
85300.00000000 30.52805231
85400.00000000 30.51567987
85500.00000000 30.50872854
85600.00000000 30.50196585
85700.00000000 30.50097013
85800.00000000 30.49461995
85900.00000000 30.48595552
86000.00000000 30.48027536
86100.00000000 30.46557247
86200.00000000 30.45732980
86300.00000000 30.44648717
86400.00000000 30.43183375
86500.00000000 30.42257103
86600.00000000 30.40808225
86700.00000000 30.39692719
86800.00000000 30.38743710
86900.00000000 30.37931118
87000.00000000 30.38065687
87100.00000000 30.37782865
87200.00000000 30.38174457
87300.00000000 30.39898849
87400.00000000 30.41568464
87500.00000000 30.43218862
87600.00000000 30.44902844
87700.00000000 30.46294094
87800.00000000 30.48015624
87900.00000000 30.49758453
88000.00000000 30.51891914
88100.00000000 30.55045141
88200.00000000 30.58329372
88300.00000000 30.61186652
88400.00000000 30.63899378
88500.00000000 30.66668320
88600.00000000 30.69636727
88700.00000000 30.72799520
88800.00000000 30.75752548
88900.00000000 30.78535447
89000.00000000 30.81243519
89100.00000000 30.83710338
89200.00000000 30.85615102
89300.00000000 30.88309099
89400.00000000 30.90178224
89500.00000000 30.91510323
89600.00000000 30.93481164
89700.00000000 30.95315263
89800.00000000 30.97079867
89900.00000000 30.98840539
90000.00000000 31.00744562
90100.00000000 31.01703798
90200.00000000 31.02180720
90300.00000000 31.03428685
90400.00000000 31.05317560
90500.00000000 31.08049192
90600.00000000 31.11720599
90700.00000000 31.15161744
90800.00000000 31.18741833
90900.00000000 31.23047298
91000.00000000 31.27552827
91100.00000000 31.32208103
91200.00000000 31.36786154
91300.00000000 31.40940264
91400.00000000 31.45458936
91500.00000000 31.50060565
91600.00000000 31.54961838
91700.00000000 31.59992790
91800.00000000 31.64479418
91900.00000000 31.68967111
92000.00000000 31.74086340
92100.00000000 31.79305845
92200.00000000 31.83852486
92300.00000000 31.88343400
92400.00000000 31.93561884
92500.00000000 31.98729851
92600.00000000 32.03307867
92700.00000000 32.07764990
92800.00000000 32.12033081
92900.00000000 32.16550580
93000.00000000 32.21485866
93100.00000000 32.26856054
93200.00000000 32.31896702
93300.00000000 32.37035896
93400.00000000 32.42562410
93500.00000000 32.47878342
93600.00000000 32.53595408
93700.00000000 32.58702050
93800.00000000 32.64077503
93900.00000000 32.69630660
94000.00000000 32.75204877
94100.00000000 32.80193633
94200.00000000 32.84394449
94300.00000000 32.88401746
94400.00000000 32.92218648
94500.00000000 32.96362854
94600.00000000 33.00912492
94700.00000000 33.05737292
94800.00000000 33.10503895
94900.00000000 33.15328603
95000.00000000 33.20022443
95100.00000000 33.24234358
95200.00000000 33.27208327
95300.00000000 33.30128394
95400.00000000 33.33493110
95500.00000000 33.37249264
95600.00000000 33.41261793
95700.00000000 33.45323748
95800.00000000 33.49423895
95900.00000000 33.53815498
96000.00000000 33.58331520
96100.00000000 33.63480620
96200.00000000 33.68402366
96300.00000000 33.73983349
96400.00000000 33.79577949
96500.00000000 33.85184207
96600.00000000 33.89828134
96700.00000000 33.94501655
96800.00000000 33.99205908
96900.00000000 34.03479558
97000.00000000 34.07229607
97100.00000000 34.10489460
97200.00000000 34.13480754
97300.00000000 34.16339681
97400.00000000 34.18179008
97500.00000000 34.19384131
97600.00000000 34.20827219
97700.00000000 34.22713642
97800.00000000 34.25014120
97900.00000000 34.26359481
98000.00000000 34.27936263
98100.00000000 34.30040328
98200.00000000 34.32218817
98300.00000000 34.34436642
98400.00000000 34.36878039
98500.00000000 34.38723295
98600.00000000 34.40257421
98700.00000000 34.41518450
98800.00000000 34.43687539
98900.00000000 34.46213174
99000.00000000 34.48932993
99100.00000000 34.51601219
99200.00000000 34.55106168
99300.00000000 34.58952144
99400.00000000 34.62446716
99500.00000000 34.65531686
99600.00000000 34.68399150
99700.00000000 34.70893448
99800.00000000 34.72590514
99900.00000000 34.74430305
100000.00000000 34.76405813
